455
10
36 7 29 33 22 6 24 8 13 21 48
10
46 46 23 47 39 13 22 31 4 6 6
10
9 9 48 24 38 24 19 22 32 17 44
10
5 44 22 14 1 17 34 21 28 42 21
10
48 22 14 19 50 46 39 36 47 7 28
11
44 24 49 23 22 15 46 24 41 24 27 37
11
38 1 17 11 3 38 43 40 38 23 20 11
11
29 12 36 47 11 30 28 34 8 21 28 41
11
11 4 22 12 36 41 11 41 36 50 30 19
11
3 12 50 11 32 4 10 45 50 48 4 30
12
46 33 10 22 23 12 48 22 28 41 41 37 33
12
14 7 42 3 15 17 22 39 18 18 9 37 24
12
12 42 17 30 37 7 2 20 50 24 48 46 16
12
30 2 4 18 44 45 33 44 22 50 24 32 29
12
35 49 27 10 16 14 34 7 44 32 2 23 9
13
50 26 44 8 20 22 25 37 9 9 26 24 9 3
13
25 39 20 8 3 15 38 48 23 47 47 44 25 19
13
19 19 43 16 6 18 25 7 46 26 2 6 21 1
13
3 37 18 44 25 42 46 2 5 18 35 38 32 32
13
48 4 6 36 6 36 20 25 3 2 34 27 9 37
14
1 27 31 45 43 27 11 29 47 10 49 33 17 10 44
14
7 38 21 11 33 11 7 31 36 36 17 18 12 22 32
14
23 50 38 37 31 30 45 22 33 36 47 4 35 45 15
14
44 27 33 43 25 20 37 12 33 46 8 33 2 2 19
14
23 16 11 42 17 6 5 7 29 43 13 15 31 40 37
15
15 26 8 3 5 21 16 20 23 21 13 12 15 9 8 30
15
26 41 39 30 4 25 24 42 27 9 26 37 17 29 47 14
15
17 32 1 10 4 7 40 5 21 37 33 21 27 18 45 9
15
31 14 20 20 45 18 34 30 19 43 49 30 47 11 50 36
15
7 14 33 26 9 1 12 40 21 30 46 10 11 21 26 12
16
18 13 46 32 16 4 26 45 50 3 44 1 30 22 45 48 24
16
21 48 13 30 48 40 23 33 24 22 11 44 26 38 46 45 44
16
41 43 23 3 15 43 34 37 12 37 12 37 15 30 33 11 3
16
33 5 28 41 49 41 46 36 47 7 8 1 16 15 16 10 9
16
32 13 46 47 9 14 45 35 40 4 36 38 3 35 22 4 22
17
4 44 1 10 23 5 47 29 32 33 20 22 8 43 49 38 24 14
17
41 44 33 36 1 34 13 9 29 8 49 41 48 33 8 11 46 22
17
37 7 24 13 26 4 43 34 20 15 43 10 20 34 39 43 31 43
17
49 13 28 13 21 24 37 43 48 37 26 4 42 42 21 28 23 32
17
43 26 21 9 14 2 33 36 19 9 9 33 38 27 49 49 26 44
18
33 14 9 1 33 46 36 17 15 32 29 5 3 42 41 14 10 13 40
18
19 31 45 19 32 9 6 31 27 33 39 46 15 10 48 22 13 16 36
18
2 17 33 35 4 20 44 29 47 34 49 34 40 14 17 42 5 35 1
18
39 25 22 19 39 15 47 8 26 9 25 41 46 32 14 50 14 13 7
18
46 43 45 35 12 39 15 29 2 17 27 19 40 4 34 35 2 17 32
19
32 1 29 9 14 18 28 12 2 11 14 27 33 44 36 17 36 34 27 49
19
15 24 6 18 18 28 19 2 42 44 15 32 42 26 6 17 37 15 1 33
19
5 6 19 29 48 21 26 49 4 32 22 5 21 19 9 18 5 6 46 3
19
5 24 17 2 8 41 34 20 7 7 8 28 44 31 32 37 44 3 27 46
19
48 37 47 29 43 15 9 21 47 16 39 38 34 38 4 36 21 31 44 10
20
41 34 47 25 4 49 50 22 36 7 23 15 31 21 9 41 19 1 45 43 15
20
35 24 7 44 41 13 7 9 26 37 26 49 46 38 22 22 30 5 36 5 26
20
47 40 31 48 3 7 9 19 28 14 50 21 42 6 12 24 37 35 2 39 37
20
47 36 22 46 47 6 3 49 13 21 49 42 42 31 11 23 11 27 47 23 31
20
31 2 50 10 3 42 32 19 18 40 8 16 10 26 48 37 26 31 2 2 31
21
7 9 16 12 28 10 24 42 21 39 1 8 14 5 38 26 40 11 3 45 21 20
21
22 9 35 13 45 31 33 28 3 39 37 13 5 15 30 3 3 36 44 14 46 45
21
29 46 41 3 17 13 42 17 37 50 23 39 40 46 1 16 33 35 15 7 1 5
21
22 50 5 12 6 11 10 47 27 24 43 46 23 13 8 3 48 1 23 49 43 14
21
31 17 8 15 4 26 38 28 32 44 10 8 12 26 26 29 16 4 33 33 44 1
22
42 10 14 26 11 31 26 50 10 22 4 31 35 2 30 49 16 41 15 42 25 17 39
22
9 30 23 6 45 37 33 30 1 13 23 13 11 20 35 29 49 11 23 17 33 17 42
22
4 2 3 34 28 10 29 26 25 46 9 5 32 25 10 40 45 2 32 38 40 3 9
22
16 50 7 46 46 40 27 49 11 26 3 14 1 12 42 14 24 25 43 8 23 23 22
22
45 40 17 9 23 37 41 6 45 12 50 50 15 28 3 16 23 1 38 20 48 10 17
23
44 31 5 47 27 43 43 39 39 19 16 48 49 8 31 5 40 12 5 46 29 41 26 30
23
8 19 38 8 27 43 11 45 47 14 40 41 42 9 17 48 12 44 26 6 41 7 36 18
23
13 27 8 38 41 16 44 5 2 48 28 47 1 32 13 34 17 9 26 10 23 27 40 4
23
24 41 4 23 8 25 48 14 43 38 37 22 33 42 29 47 46 50 32 16 7 48 4 24
23
12 27 1 19 47 21 2 50 45 37 22 6 9 36 7 48 32 46 20 19 9 10 29 31
24
40 45 49 18 26 9 5 49 50 20 33 23 7 6 50 10 26 18 32 23 40 3 24 33 26
24
2 1 14 40 38 49 21 25 21 20 37 49 10 34 12 18 48 10 48 16 1 46 9 37 1
24
20 2 14 30 37 5 34 36 28 37 20 15 42 15 6 29 27 11 32 42 35 37 3 2 43
24
26 20 22 37 40 4 17 46 29 29 18 48 42 34 43 18 49 33 46 6 26 10 43 34 25
24
39 31 31 43 22 35 9 29 13 21 13 14 14 27 31 30 25 18 5 40 33 40 4 7 41
25
20 3 24 44 28 5 9 7 39 20 39 10 14 3 3 43 32 6 45 24 42 28 15 35 19 15
25
27 49 26 3 46 27 49 1 25 48 29 25 46 32 13 41 14 16 21 4 49 45 4 38 39 37
25
11 9 14 20 44 37 15 10 48 5 18 23 4 16 32 21 2 20 10 38 43 14 16 45 32 3
25
50 35 9 45 40 8 43 17 13 27 6 5 38 21 46 35 34 49 20 27 23 20 19 11 4 47
25
45 28 22 2 35 36 15 41 10 28 3 3 8 44 14 31 30 32 15 39 37 33 46 34 45 21
26
40 14 46 45 27 13 45 12 43 2 8 41 6 10 4 47 47 42 34 50 17 18 26 18 42 21 8
26
50 30 32 5 37 7 15 6 23 9 48 38 2 27 31 17 15 29 45 46 18 34 21 39 28 26 17
26
8 40 39 36 10 26 33 45 27 40 37 16 39 28 8 11 46 6 38 5 28 39 49 25 19 28 47
26
48 11 30 49 2 50 13 42 48 48 30 30 14 17 34 22 41 1 43 21 14 39 38 3 38 37 50
26
19 29 48 41 39 24 29 42 42 38 14 5 36 13 17 39 50 12 22 2 6 41 23 14 36 48 36
27
34 32 44 30 49 37 1 24 15 25 19 32 5 35 25 17 31 5 37 14 20 32 32 33 5 47 11 30
27
21 36 1 29 45 7 8 45 38 34 1 22 31 32 43 32 19 13 1 13 39 2 43 13 45 42 7 44
27
30 14 11 10 48 7 1 9 17 16 31 13 13 48 19 33 37 6 49 34 3 31 31 38 35 8 28 28
27
26 38 34 23 47 4 42 49 37 18 42 26 17 26 43 2 9 6 40 5 8 23 9 31 13 21 38 48
27
34 27 48 18 32 34 45 20 31 8 4 8 28 50 31 3 22 48 19 33 23 24 38 23 34 33 17 46
28
34 39 14 50 11 22 27 50 38 37 26 2 37 37 36 2 12 19 5 19 46 20 17 46 22 16 22 21 9
28
9 29 7 26 24 37 46 19 25 48 43 7 39 3 45 3 41 9 9 37 18 25 14 21 8 14 39 19 5
28
15 18 6 42 45 33 46 43 4 46 42 28 41 23 6 41 17 11 41 2 50 2 19 24 36 35 38 25 37
28
2 8 25 35 38 33 31 14 49 9 16 23 10 13 37 27 21 21 30 5 33 38 5 34 34 34 46 6 49
28
49 49 4 24 2 32 19 44 47 47 18 37 16 7 21 1 33 41 30 12 10 26 17 30 6 19 3 17 14
29
32 30 13 35 45 5 38 29 34 13 17 1 41 27 14 43 1 32 43 21 5 41 24 43 32 35 33 10 32 50
29
20 46 6 23 24 23 21 23 7 6 16 33 32 12 20 50 48 12 10 5 21 26 44 5 33 35 14 11 1 14
29
21 22 30 43 17 19 35 2 49 26 8 42 34 12 5 28 44 35 42 32 23 31 22 49 5 38 36 24 13 3
29
44 11 4 39 17 21 22 23 38 6 3 22 28 14 13 10 23 35 20 31 11 33 7 28 22 3 13 7 1 11
29
11 49 38 29 24 35 7 50 7 3 30 32 26 1 34 24 35 46 22 46 21 19 37 24 10 31 25 17 23 49
30
32 34 36 6 6 9 36 33 35 41 6 23 22 3 29 27 2 29 3 48 39 3 37 23 40 9 3 3 12 11 6
30
16 42 44 18 23 8 40 28 6 24 18 5 23 47 25 46 36 5 20 35 16 16 9 19 8 32 36 49 4 2 43
30
3 22 30 41 25 26 9 28 41 50 11 43 44 39 19 46 24 29 42 19 12 35 32 21 24 27 34 3 19 49 13
30
50 48 8 29 23 39 33 20 16 15 16 10 33 32 11 8 2 26 40 8 25 13 45 12 23 17 32 21 22 38 50
30
50 28 33 50 49 33 14 20 8 34 37 44 47 22 39 2 1 25 9 6 4 7 28 35 23 36 9 33 22 44 11
31
20 6 13 44 43 5 29 19 37 27 21 44 2 29 45 33 8 34 36 49 43 6 35 48 20 13 27 10 15 29 3 4
31
32 42 44 35 17 39 8 35 13 14 15 38 9 20 33 36 6 10 41 50 36 43 41 18 13 1 44 7 27 12 43 45
31
8 13 1 39 25 37 35 48 31 47 29 8 33 39 44 14 8 46 28 40 25 45 1 30 35 14 28 43 33 18 14 39
31
25 21 1 29 48 4 46 17 4 32 21 27 15 33 4 15 46 27 15 1 20 45 10 17 14 27 4 44 22 3 40 4
31
28 9 35 17 1 34 50 38 40 44 35 14 33 43 22 11 35 21 22 8 47 39 14 32 24 35 46 37 42 3 22 32
32
17 28 5 4 44 12 9 19 48 20 24 45 27 41 18 33 16 21 10 42 48 34 39 5 11 7 21 35 1 36 31 2 36
32
24 45 29 42 47 25 29 47 12 39 18 42 25 46 25 18 38 7 41 24 12 38 20 1 12 12 22 2 11 29 13 30 15
32
13 50 36 48 36 24 11 42 19 2 42 47 39 2 46 24 35 5 14 2 19 36 42 27 13 32 18 44 29 28 39 1 13
32
32 11 35 22 37 7 24 31 20 22 8 50 39 38 29 36 40 14 33 21 22 26 9 1 47 26 27 18 36 31 41 25 32
32
31 10 31 11 41 41 4 29 3 3 2 43 12 50 28 24 27 30 33 13 10 13 16 18 27 34 26 39 34 20 25 16 22
33
11 48 28 16 17 29 41 46 14 24 11 48 1 14 33 42 13 10 31 50 38 45 3 36 17 6 46 4 34 29 39 30 45 34
33
41 22 49 30 24 35 5 22 24 5 33 46 6 39 40 18 17 8 31 8 22 9 17 20 21 34 35 16 32 20 49 11 23 40
33
49 8 20 39 50 42 20 49 46 48 39 26 2 11 17 39 45 30 12 16 31 8 14 36 12 35 37 39 18 18 9 13 27 45
33
40 39 8 31 5 14 8 12 17 20 37 43 48 12 5 19 36 41 22 30 15 23 1 41 28 49 3 27 8 26 9 44 49 6
33
38 38 43 23 38 13 21 30 8 24 2 37 18 41 27 14 16 46 4 49 36 43 17 24 3 17 20 1 19 37 22 44 22 32
34
25 32 20 30 27 29 46 11 29 20 39 45 15 5 21 5 8 1 5 19 13 42 5 25 17 15 21 10 25 29 13 45 41 22 13
34
17 6 18 41 50 37 49 21 3 37 9 24 7 39 33 23 29 29 45 18 17 47 35 33 8 50 19 5 32 35 42 19 32 20 38
34
8 38 17 37 48 1 35 10 14 16 38 12 13 18 40 42 30 44 8 38 48 24 40 25 5 20 9 36 37 37 2 49 34 9 5
34
23 28 21 31 27 32 28 40 42 16 48 20 44 40 48 29 34 42 6 47 30 35 46 21 48 21 18 24 8 3 44 49 10 37 24
34
45 13 24 23 39 50 24 23 2 33 27 3 8 14 7 19 37 37 16 23 39 22 3 19 9 34 17 2 33 2 8 42 50 13 19
35
29 36 24 6 48 5 13 19 1 43 20 37 3 33 40 50 5 41 44 9 47 11 30 28 36 41 19 18 10 6 1 22 7 13 13 11
35
9 19 33 8 48 8 31 22 43 29 31 3 46 46 8 11 28 14 30 22 16 38 4 23 36 46 8 50 21 45 13 15 16 42 49 15
35
29 24 26 19 17 15 30 22 12 21 22 36 17 1 19 21 27 21 20 47 2 29 6 9 22 22 35 27 47 15 2 22 24 44 43 40
35
45 1 15 16 16 6 14 32 21 43 6 35 33 7 44 43 16 16 18 23 12 46 44 41 21 29 21 3 34 10 43 16 14 8 30 33
35
37 36 4 11 36 3 40 17 27 46 4 18 24 13 27 15 10 29 27 17 48 38 47 29 29 36 12 10 21 11 14 21 19 6 43 38
36
40 22 42 25 37 50 37 36 50 42 20 46 39 22 49 35 20 29 1 31 19 1 27 28 25 5 26 6 31 1 31 14 26 43 37 30 32
36
33 46 8 14 38 10 24 3 4 10 11 8 13 47 27 44 30 17 36 8 13 43 46 34 38 34 47 45 26 21 22 1 35 7 38 25 32
36
18 47 6 5 13 15 30 49 43 1 19 22 1 5 1 48 44 34 44 17 37 31 5 13 12 8 38 46 49 24 43 45 9 2 1 2 36
36
25 39 32 2 21 49 48 12 37 35 38 43 28 30 46 24 6 27 10 24 28 21 47 4 28 32 22 5 14 46 18 27 50 25 41 10 45
36
4 38 46 31 17 31 29 10 46 25 16 15 4 28 35 34 43 40 30 9 20 48 20 20 21 35 40 36 48 3 19 13 40 44 18 23 34
37
35 41 27 50 13 15 31 1 7 10 39 44 29 28 39 16 27 19 19 49 30 47 49 39 20 24 18 24 34 28 47 1 12 19 34 21 19 29
37
46 46 12 35 37 5 46 6 41 33 1 35 49 21 17 48 21 45 41 12 39 29 16 42 37 13 45 30 5 32 34 43 36 13 40 50 45 24
37
31 28 6 49 45 35 43 11 19 32 48 11 3 40 26 35 14 25 14 19 5 36 41 27 48 45 48 36 14 3 38 30 42 4 38 48 49 18
37
21 3 49 11 11 26 27 40 44 29 18 26 40 38 13 22 24 30 10 5 50 18 44 5 20 40 33 28 10 2 13 8 37 33 44 16 35 4
37
12 31 33 1 35 6 14 27 47 4 45 50 1 33 31 48 12 10 30 32 2 42 23 42 24 28 18 31 22 33 26 5 18 2 44 8 38 50
38
48 2 40 20 11 1 16 7 10 47 23 47 2 24 30 12 34 24 4 31 49 16 21 45 29 32 25 27 17 24 2 20 37 15 25 36 49 19 38
38
37 34 10 31 49 3 46 16 14 17 39 27 9 46 3 31 35 5 37 31 49 26 35 25 3 22 31 7 23 11 50 9 13 46 39 36 7 16 2
38
36 2 38 46 31 27 49 28 27 49 18 23 49 42 17 37 25 33 33 46 30 21 38 47 10 18 35 25 7 26 47 29 40 28 31 44 29 34 37
38
11 32 19 45 23 10 15 43 29 32 27 25 20 23 39 18 14 24 47 4 11 2 35 13 46 22 30 10 38 37 45 25 9 42 23 33 10 48 10
38
31 49 20 23 32 14 5 43 24 21 31 10 4 28 16 4 11 41 32 41 30 12 2 30 29 2 13 48 28 35 40 7 8 41 39 36 42 36 4
39
8 9 18 19 38 40 48 16 41 12 43 16 23 19 45 8 27 19 17 25 11 18 9 28 21 2 33 30 13 46 22 29 50 1 13 36 36 36 36 11
39
39 28 15 19 24 25 9 24 8 11 45 50 8 25 40 12 9 30 50 10 41 20 17 34 17 5 37 15 11 47 31 4 26 2 39 3 38 22 17 22
39
2 39 40 16 1 12 17 47 13 11 47 30 47 40 15 24 14 7 16 3 46 45 2 30 11 29 42 28 41 15 50 43 46 9 11 23 35 8 3 26
39
36 22 15 14 30 20 38 4 9 21 43 14 31 13 29 10 29 29 2 3 20 11 19 20 8 8 50 20 9 4 43 20 22 50 34 50 47 26 34 29
39
47 30 37 17 1 18 11 46 2 9 38 19 9 49 37 4 20 12 43 40 13 41 10 3 21 16 37 26 19 47 36 5 17 43 48 20 35 13 33 11
40
26 25 45 16 1 25 42 49 40 35 17 44 5 34 20 36 13 11 15 41 28 41 13 30 3 35 14 46 6 26 48 17 26 2 5 34 3 9 40 23 3
40
22 48 32 38 31 30 21 44 38 13 2 26 45 37 27 13 42 8 30 2 3 10 15 3 34 44 18 13 10 38 11 35 35 21 49 4 49 16 26 22 49
40
31 21 27 16 19 12 12 17 27 43 3 35 22 50 6 24 36 19 44 36 47 16 26 47 40 47 23 48 49 41 9 4 21 28 47 50 1 37 21 41 1
40
25 47 48 6 50 46 11 24 4 46 13 50 28 9 21 37 48 8 11 49 40 14 32 21 44 30 42 10 11 38 36 22 6 34 21 18 32 33 11 25 5
40
39 27 20 40 40 26 6 39 40 21 30 12 7 22 21 41 4 47 21 37 19 26 43 9 2 33 29 41 48 14 16 6 9 28 42 7 38 16 21 4 45
41
44 8 29 49 9 23 10 44 25 11 43 15 18 27 15 20 43 6 41 37 33 5 25 10 24 17 34 27 20 27 32 15 6 29 35 34 25 26 5 23 2 30
41
22 13 4 12 23 15 7 48 3 15 41 15 37 21 44 44 21 27 22 15 36 2 4 15 38 21 5 17 17 29 9 14 43 10 41 26 29 1 31 22 16 11
41
34 26 14 26 6 29 5 36 45 24 44 11 28 43 39 32 3 48 14 7 3 50 37 29 13 6 30 13 10 49 39 36 18 12 39 39 13 30 4 6 48 43
41
25 24 37 37 41 49 14 33 27 37 18 18 23 28 21 20 13 7 15 49 43 38 11 36 40 12 16 35 36 18 19 11 48 45 10 15 23 27 6 31 21 11
41
39 23 8 34 9 25 3 40 38 12 22 28 47 8 16 39 27 45 46 11 34 6 23 24 46 29 41 28 48 43 8 24 31 36 19 2 10 1 37 29 26 3
42
4 18 26 16 46 40 26 42 1 12 30 30 26 38 49 30 39 48 11 25 15 45 36 11 34 32 39 19 4 28 33 31 48 23 2 12 4 46 32 39 10 12 3
42
2 33 28 9 7 7 30 46 8 34 20 1 12 24 7 27 8 22 48 37 8 6 1 4 42 22 22 3 8 8 35 27 13 50 17 6 45 26 8 12 46 11 29
42
30 33 16 39 35 48 19 19 49 2 9 37 28 19 13 9 46 38 49 25 5 44 41 45 15 3 6 50 17 29 36 30 45 39 44 29 44 24 40 7 38 39 9
42
42 47 44 15 37 2 21 27 7 29 6 33 33 17 22 15 50 21 37 38 28 46 42 19 9 16 17 25 42 45 15 49 16 9 18 20 27 38 47 39 50 42 29
42
49 47 32 29 24 13 40 37 2 42 21 26 48 31 5 33 31 45 50 45 6 46 30 5 11 2 16 50 11 13 3 28 50 12 32 44 17 19 46 50 28 1 49
43
50 19 43 7 14 37 33 40 2 39 24 3 12 28 6 40 42 23 8 30 11 46 25 48 15 47 42 31 23 34 20 33 37 30 19 16 33 38 8 7 39 38 11 15
43
48 32 44 16 12 37 42 10 5 6 24 5 3 19 29 47 41 43 14 17 46 32 16 36 34 4 48 42 48 30 44 32 29 10 36 11 14 15 41 42 31 40 49 7
43
47 4 18 50 47 44 21 37 1 11 26 43 15 14 14 11 12 38 37 26 14 21 40 45 8 26 39 50 4 30 42 5 34 38 38 4 21 46 20 9 32 5 3 28
43
33 14 24 50 29 24 41 23 10 12 36 41 45 29 1 13 4 18 31 34 5 38 48 8 15 5 11 33 32 39 38 20 35 9 28 18 42 22 50 35 38 44 44 45
43
43 47 27 27 5 21 47 43 15 23 50 36 37 48 48 19 46 8 28 46 40 33 22 48 44 9 8 18 7 40 36 34 26 43 5 16 17 6 46 14 2 1 43 29
44
42 10 49 45 15 20 17 42 14 29 42 47 33 50 35 44 27 19 17 42 14 11 10 11 6 14 44 19 27 12 30 22 45 45 45 47 15 9 32 30 34 32 41 20 31
44
39 6 32 44 35 45 12 23 5 48 11 34 24 42 42 27 1 29 10 41 16 7 5 48 11 41 23 35 38 48 25 45 43 46 20 5 1 10 11 37 42 47 43 18 4
44
19 45 29 40 31 9 20 30 20 8 46 7 39 42 30 45 35 3 30 39 28 34 34 32 19 38 6 45 35 45 41 8 37 47 49 35 29 41 44 17 46 3 7 41 36
44
6 41 41 42 31 50 18 13 20 14 38 2 26 39 37 19 25 31 48 36 44 26 18 4 1 2 39 7 8 4 17 43 23 11 20 14 46 21 17 22 29 3 47 16 33
44
39 48 45 50 37 4 6 34 3 39 2 9 38 16 49 11 2 42 23 42 6 14 31 23 8 25 16 13 3 16 40 12 25 16 9 40 21 44 32 31 31 9 3 27 36
45
36 11 16 2 37 11 11 12 5 46 48 10 9 42 2 21 40 31 38 29 6 38 40 12 19 46 38 36 36 4 34 31 28 21 31 23 6 28 17 48 39 27 32 28 14 1
45
5 37 25 27 5 7 13 8 12 39 32 11 1 42 25 32 41 38 38 16 3 26 16 27 12 20 7 17 37 19 37 48 34 22 45 1 28 4 37 31 11 22 4 22 12 20
45
26 47 30 20 37 14 15 17 15 24 18 12 37 11 44 1 36 2 28 5 14 35 35 31 37 39 8 45 40 3 48 29 7 35 19 49 3 15 29 21 36 35 1 7 6 34
45
33 29 19 6 47 20 34 22 47 20 16 37 27 14 15 18 27 17 37 45 27 21 3 50 30 30 38 33 1 29 17 23 2 50 1 41 32 17 26 30 30 6 22 15 22 27
45
43 44 49 11 24 2 4 24 1 40 4 33 3 12 27 5 43 27 45 25 47 3 5 10 27 28 1 17 20 18 32 21 23 5 31 32 38 2 10 11 45 39 4 38 43 28
46
22 33 43 44 35 27 6 43 37 10 23 10 12 39 8 28 6 4 4 37 17 12 1 16 48 50 25 13 1 48 5 33 19 1 2 34 48 23 36 37 7 4 11 46 23 6 47
46
45 35 23 20 38 36 47 10 12 35 17 7 29 39 46 35 23 2 15 27 4 25 44 37 40 11 14 12 2 9 17 30 9 39 27 41 30 18 27 6 8 48 10 34 3 15 44
46
13 13 31 24 7 48 18 11 44 38 49 27 35 40 6 44 1 11 40 17 11 46 36 2 23 29 31 35 13 13 39 50 16 15 18 33 35 37 10 50 41 41 6 1 9 32 19
46
12 12 23 12 39 4 5 31 24 1 7 2 36 7 36 30 20 11 34 44 49 14 35 22 21 6 19 15 33 7 35 28 44 23 41 37 22 16 29 42 40 27 6 20 4 32 32
46
7 17 7 34 31 17 43 39 42 50 17 38 49 26 40 4 33 8 45 44 5 23 17 42 31 36 15 45 19 36 9 16 23 26 3 14 36 26 8 31 11 3 13 41 34 39 13
47
28 39 25 25 7 21 10 22 9 25 21 13 25 29 18 48 24 16 26 13 38 21 21 3 4 31 16 24 33 38 35 37 33 36 10 16 6 39 35 13 37 30 23 13 4 32 29 16
47
22 33 42 39 50 48 32 26 30 49 8 5 11 1 46 25 19 38 40 41 6 14 33 19 22 16 25 41 35 9 17 46 1 27 25 36 5 22 15 39 21 15 48 25 2 5 49 45
47
20 21 47 29 25 23 9 26 45 50 17 43 27 43 29 31 30 31 47 14 50 35 5 35 42 50 37 35 7 7 30 6 20 11 6 20 50 47 20 14 1 22 37 25 27 49 42 39
47
15 31 5 45 15 17 7 24 45 39 38 13 29 44 5 16 16 17 20 36 13 48 50 46 18 13 18 23 39 20 19 40 17 9 45 8 5 24 39 41 45 11 50 24 3 18 44 31
47
41 7 27 45 29 1 20 28 33 47 36 11 30 23 31 1 33 24 42 23 12 49 27 44 18 5 28 12 21 44 27 30 27 9 21 40 22 32 33 45 35 47 36 28 20 29 2 36
48
7 6 28 27 42 27 34 38 49 30 14 39 32 12 42 4 38 40 16 42 42 34 20 45 30 29 4 41 3 49 23 20 11 42 47 27 45 47 30 9 34 14 40 31 6 39 38 29 42
48
13 25 4 8 13 28 42 1 17 15 19 47 47 5 3 37 47 30 10 47 18 31 16 27 13 11 16 15 4 12 41 29 37 16 40 27 16 35 26 6 32 15 11 7 2 50 48 12 10
48
27 24 22 46 25 33 44 20 47 28 13 18 8 23 38 3 6 10 41 45 6 2 22 25 26 23 16 28 32 9 36 10 21 43 22 18 29 18 20 47 35 16 15 1 25 13 19 38 24
48
33 42 4 22 6 12 48 1 48 19 2 45 7 17 42 31 33 16 6 42 10 48 5 1 21 50 34 29 5 26 4 49 32 3 20 1 34 4 32 22 43 28 15 20 46 3 16 11 2
48
28 38 49 43 49 6 13 48 5 2 5 7 37 27 50 9 35 33 2 19 22 25 45 36 50 43 20 15 40 22 25 2 35 30 8 13 36 24 21 18 31 26 34 11 33 12 9 21 41
49
21 43 40 37 4 26 29 46 1 30 36 45 23 6 50 19 19 26 31 5 29 33 45 49 50 34 42 17 12 26 43 17 30 21 7 4 43 15 37 38 26 45 40 34 12 48 48 1 3 27
49
43 25 21 21 17 32 38 32 43 23 27 34 17 38 9 3 8 36 44 48 16 31 20 16 14 33 35 35 9 45 38 36 20 41 26 50 12 6 42 38 12 50 32 23 6 11 22 32 28 34
49
21 34 15 25 18 17 43 4 4 50 42 39 35 44 19 42 15 5 12 42 15 41 43 20 13 32 42 14 48 47 30 9 25 43 4 7 40 48 26 27 24 44 30 16 35 24 24 36 9 15
49
15 47 3 11 17 2 22 28 1 43 15 20 35 47 3 8 27 1 8 3 50 9 35 32 19 31 18 7 35 40 16 9 34 47 35 1 50 42 36 15 39 39 46 19 6 13 19 43 36 18
49
2 48 30 35 7 26 42 14 37 44 49 28 19 45 14 2 36 40 50 18 16 6 49 18 19 22 8 38 14 23 6 4 26 42 20 35 43 40 8 39 11 30 41 34 34 37 1 25 8 28
50
23 31 23 30 1 17 24 18 29 31 50 2 23 43 28 39 37 29 44 28 47 6 14 43 35 18 20 12 37 17 47 35 36 27 9 26 22 34 44 19 37 6 39 24 27 27 35 17 5 43 41
50
2 18 29 38 5 1 46 50 5 19 34 50 35 17 5 7 19 44 43 6 21 50 14 20 46 29 9 37 38 37 18 26 29 24 42 37 48 15 39 6 20 49 47 19 43 25 1 37 25 1 2
50
40 47 44 13 12 14 19 23 4 10 9 33 2 3 41 15 9 38 28 45 23 16 38 43 14 32 29 16 29 11 13 14 48 35 33 15 36 35 21 41 10 22 1 36 39 32 42 41 16 36 8
50
4 27 11 34 41 37 8 19 21 11 15 12 1 44 18 26 45 24 3 14 40 5 30 44 38 49 6 10 19 43 39 6 41 9 19 40 50 41 14 43 35 36 39 5 39 8 5 33 18 22 40
50
29 25 37 44 7 5 44 5 15 12 1 36 50 16 45 50 23 11 11 25 9 41 28 38 31 9 8 12 36 10 32 1 35 1 32 27 21 23 47 19 45 14 36 44 3 33 19 14 32 17 36
51
32 6 35 50 33 49 34 41 37 9 20 35 28 32 4 28 27 2 31 10 6 20 26 23 30 45 33 30 33 13 13 18 49 24 14 10 44 13 17 49 31 42 10 39 20 7 2 17 14 32 17 43
51
17 48 25 9 28 46 42 1 13 24 5 49 23 18 49 13 23 45 13 25 39 18 17 15 30 39 1 47 15 22 28 37 50 34 30 26 42 2 21 46 32 47 36 20 25 37 22 34 3 2 23 29
51
7 10 16 26 6 46 5 12 39 2 43 3 31 15 1 13 1 17 48 26 25 22 44 15 6 26 39 3 19 11 3 22 41 38 31 30 41 38 39 27 2 28 5 34 3 21 43 10 42 36 6 45
51
49 41 12 15 15 47 17 4 8 40 48 15 20 18 3 29 39 44 23 31 47 11 45 4 50 14 43 29 21 2 20 19 37 23 20 27 41 16 34 19 33 18 10 15 40 2 38 24 13 50 7 29
51
29 16 8 8 38 46 49 36 50 42 15 8 48 6 47 21 17 45 4 45 28 18 1 39 35 14 41 9 34 23 8 49 6 44 25 47 20 26 9 6 14 3 48 20 38 14 16 11 17 13 9 4
52
14 48 40 23 26 30 17 11 40 8 50 15 12 46 4 37 40 38 11 45 15 40 37 46 26 41 41 23 12 41 16 50 18 27 11 43 43 37 24 32 46 14 37 4 31 16 3 26 19 48 16 8 9
52
23 41 1 38 40 15 45 25 32 37 15 2 19 19 42 19 6 46 46 27 43 49 5 23 23 15 7 21 16 9 42 7 49 32 25 33 8 26 23 16 20 3 38 16 20 21 44 23 20 15 10 31 36
52
5 27 19 2 14 31 29 18 44 31 1 45 20 15 45 28 34 22 49 2 16 12 34 39 10 35 22 43 25 14 9 8 38 45 25 1 21 21 2 9 6 27 2 36 15 16 29 4 41 3 10 44 48
52
35 26 34 34 23 47 18 4 40 39 31 23 39 46 23 39 23 15 49 20 18 6 22 25 38 12 9 34 28 14 30 23 10 11 26 19 29 2 47 12 40 49 19 30 5 7 1 33 28 41 45 36 10
52
40 3 36 34 38 5 44 45 7 42 22 1 43 23 44 6 16 20 17 39 9 2 44 3 32 39 14 49 13 23 46 16 4 49 45 11 45 26 9 38 7 31 22 41 41 26 7 36 32 36 19 38 43
53
7 37 4 45 12 33 45 7 21 2 46 24 6 38 13 11 38 45 14 50 21 32 37 29 24 29 3 20 33 26 32 5 8 15 20 20 5 23 26 22 18 45 43 40 5 1 1 1 20 11 39 20 46 19
53
25 13 32 6 41 39 44 31 21 50 28 21 31 46 4 34 22 22 11 47 22 22 2 4 33 41 31 21 24 26 16 12 49 43 21 26 49 30 24 38 11 24 4 32 17 5 27 29 10 27 7 19 23 16
53
22 32 17 40 17 50 13 11 8 3 43 47 2 49 3 32 21 10 12 43 49 19 5 49 21 17 7 9 8 45 22 19 21 33 29 1 32 15 20 21 2 8 37 42 49 11 37 49 12 21 29 47 30 22
53
23 2 9 30 3 11 10 11 33 43 49 49 19 48 50 23 15 25 28 5 18 12 1 41 23 50 50 31 17 41 17 46 38 22 36 3 42 21 10 26 41 9 12 10 37 15 46 41 3 19 28 42 50 33
53
41 38 5 27 14 47 30 1 29 41 7 36 35 43 41 13 42 7 5 17 15 25 11 44 32 11 41 29 37 29 38 44 35 14 40 25 36 42 17 38 44 50 20 40 25 30 16 50 44 45 41 12 15 1
54
13 33 4 33 6 48 35 24 21 2 10 28 16 4 9 34 50 11 8 26 46 42 26 10 37 22 25 16 18 28 25 6 36 41 11 25 46 45 1 2 48 23 15 25 32 4 32 45 8 25 10 14 46 23 9
54
25 16 31 30 16 2 6 1 14 16 11 11 27 50 15 48 23 2 11 22 29 14 36 39 35 25 46 24 44 23 30 3 36 36 38 3 17 48 7 34 49 18 18 11 41 3 47 38 26 17 43 44 25 36 4
54
22 10 24 42 43 19 12 38 13 44 11 19 45 39 43 18 34 14 41 3 18 40 30 32 36 41 43 2 43 49 9 45 33 5 3 48 26 13 45 19 40 30 39 39 13 27 4 36 32 3 30 32 50 31 2
54
30 40 28 42 47 9 16 39 18 5 6 22 8 46 22 47 33 47 46 1 24 6 43 16 28 40 25 30 35 30 2 11 45 38 16 45 22 23 15 15 9 39 45 13 19 44 26 1 37 23 39 42 30 49 37
54
4 44 47 42 31 27 18 20 16 18 9 17 41 34 43 25 7 18 28 9 28 12 3 23 46 36 39 29 35 41 17 13 41 16 49 48 6 7 20 4 16 5 49 5 26 41 20 38 45 22 35 43 8 1 7
55
33 34 37 25 47 28 43 8 16 8 40 34 20 49 47 39 6 36 38 45 26 37 10 22 40 6 38 43 19 3 13 40 7 13 44 46 35 22 7 8 4 37 19 39 14 44 19 31 19 7 34 2 50 35 21 5
55
7 32 15 34 50 29 41 26 37 10 31 11 8 13 38 24 15 47 15 4 3 44 36 33 19 40 25 14 20 31 12 3 16 44 42 38 30 44 24 45 24 2 41 5 27 20 50 49 16 37 46 33 22 15 15 41
55
23 18 12 26 38 50 26 4 6 49 11 7 22 35 45 24 13 21 13 2 13 17 44 23 27 35 45 23 14 12 45 3 41 44 40 26 5 4 42 34 42 8 45 37 11 45 48 3 39 43 2 11 2 18 30 7
55
9 1 23 39 40 33 22 40 37 28 26 22 13 50 9 32 41 29 49 46 9 10 35 36 26 45 13 36 36 41 45 15 46 27 34 19 19 11 28 39 7 46 36 26 49 43 15 39 24 42 10 34 50 18 7 31
55
48 41 46 7 23 22 17 18 6 35 22 18 27 30 6 42 9 5 15 37 2 23 29 36 49 33 22 23 33 42 40 44 7 29 12 41 24 16 1 5 15 50 38 39 31 23 13 43 8 7 25 8 17 33 3 12
56
18 24 21 1 30 47 43 46 50 12 22 34 35 41 28 20 46 24 24 40 1 50 28 20 25 35 16 34 16 39 33 18 13 1 24 22 4 13 12 29 34 3 11 21 16 14 10 19 26 25 10 3 39 6 33 20 22
56
20 25 24 13 26 26 26 9 45 27 47 32 36 29 1 12 25 10 17 2 32 45 34 45 40 40 36 28 28 44 28 16 5 5 48 36 28 4 7 35 44 47 6 18 40 43 50 14 41 1 28 2 19 49 42 12 36
56
1 9 2 48 44 5 41 41 1 24 47 23 37 7 3 34 16 40 13 32 5 1 13 26 32 18 16 38 6 18 13 40 21 29 26 18 16 47 17 35 2 9 12 9 32 31 49 49 31 34 43 14 12 33 39 6 34
56
18 37 14 30 39 18 7 27 18 17 25 40 20 1 36 17 34 21 7 24 39 34 43 28 7 42 6 20 45 14 43 39 49 43 37 20 49 13 18 35 5 12 23 1 25 44 2 37 31 29 17 25 43 25 32 49 24
56
11 29 28 3 29 46 42 41 40 11 49 33 8 9 36 40 39 25 46 17 10 29 46 49 34 25 22 23 2 1 16 48 20 9 13 47 40 21 34 7 43 11 13 31 47 44 4 38 42 9 4 25 10 34 40 33 47
57
28 33 20 17 8 13 1 15 19 16 5 16 34 2 31 7 48 49 46 50 8 21 33 26 11 50 48 50 31 39 28 4 4 29 10 32 44 9 18 50 23 29 14 20 35 33 42 8 7 6 6 41 45 24 10 17 13 21
57
46 12 30 38 16 25 4 26 30 25 17 43 15 7 47 50 34 31 31 45 44 29 5 1 50 24 28 12 3 19 44 23 12 1 1 49 34 23 47 25 30 10 11 20 7 10 17 43 32 39 26 50 35 16 24 1 25 34
57
21 40 15 1 28 48 36 46 28 30 26 39 26 10 3 4 32 12 42 46 12 46 13 15 31 44 30 43 1 12 46 3 17 36 5 14 20 14 10 2 37 17 26 25 17 44 33 30 37 13 30 12 43 26 8 18 33 12
57
27 36 31 30 9 7 9 32 4 29 27 35 5 32 24 18 33 3 6 26 40 33 19 35 49 50 18 29 7 5 13 34 30 7 31 8 22 42 40 43 17 27 11 20 34 19 50 43 26 36 4 30 23 39 4 42 43 16
57
1 21 17 25 46 43 27 43 31 10 37 45 44 42 31 16 24 38 41 38 18 13 40 41 13 41 1 35 14 36 50 25 42 36 19 12 49 45 2 8 32 36 25 34 48 12 18 47 2 5 5 2 15 49 22 18 22 39
58
43 6 20 5 24 39 28 47 47 35 4 29 30 26 32 47 8 18 32 17 40 24 12 27 3 33 44 34 46 2 31 19 18 27 31 26 4 24 44 30 28 22 43 20 32 29 22 24 5 43 39 4 35 31 19 33 18 40 16
58
11 36 8 13 34 17 1 17 18 31 14 49 44 31 5 49 28 40 33 39 44 12 46 48 14 24 8 13 29 50 3 48 3 4 24 14 15 19 27 43 31 41 49 2 18 6 29 5 4 42 40 34 34 22 7 37 34 15 8
58
26 34 8 43 37 16 34 35 23 43 35 4 35 5 13 20 48 49 46 25 8 41 40 44 41 17 2 11 30 16 11 7 2 30 47 49 43 37 45 9 31 38 35 15 42 32 33 21 6 20 27 31 45 15 10 5 5 47 30
58
27 12 28 19 45 44 7 35 25 39 50 46 3 10 26 22 45 35 17 17 37 5 3 24 37 8 3 42 7 48 14 2 23 39 22 11 36 17 6 27 30 44 27 5 44 37 25 48 11 50 37 30 32 22 33 24 4 16 12
58
15 21 28 2 49 15 6 22 19 20 40 5 37 28 35 3 16 20 8 30 41 4 13 11 20 33 36 19 40 22 41 4 50 14 14 2 12 18 14 17 33 26 13 10 20 4 23 20 15 4 37 27 44 11 40 17 1 27 29
59
43 8 24 16 48 49 14 48 17 34 26 9 12 39 43 38 43 9 16 45 49 25 12 15 7 1 2 29 20 8 21 36 18 25 9 17 1 41 7 40 14 13 12 19 22 40 36 24 31 23 49 35 17 27 18 2 33 24 48 7
59
39 24 8 2 20 20 32 28 36 4 47 39 31 35 23 1 9 11 39 8 43 8 38 32 49 16 19 41 23 5 41 35 46 20 25 14 45 26 36 13 21 42 42 1 17 13 23 38 34 31 37 3 44 15 38 17 32 33 37 11
59
27 42 36 34 44 26 12 16 13 1 1 16 32 34 14 36 27 6 8 14 33 24 24 24 32 40 37 14 36 45 36 43 28 45 18 41 24 47 9 24 28 27 22 33 2 49 50 50 12 16 50 21 31 18 27 6 40 49 32 1
59
35 38 40 16 36 46 15 6 32 47 41 12 6 20 32 4 14 10 18 8 33 30 24 49 45 37 46 6 29 24 40 42 42 20 41 13 28 3 36 20 17 1 13 23 30 2 48 13 49 35 49 13 45 49 35 37 39 17 47 29
59
49 30 47 28 9 33 35 16 9 5 10 6 19 20 9 44 37 14 32 10 20 32 34 31 19 8 36 46 47 30 17 2 42 35 15 18 44 2 36 43 35 18 1 26 28 42 18 4 12 39 44 11 39 46 27 28 31 24 7 40
60
50 3 16 41 43 10 50 20 18 21 30 26 50 38 4 30 15 49 41 41 28 45 11 45 39 4 4 14 35 31 37 48 50 38 45 18 22 38 23 15 29 37 21 39 37 37 31 27 14 40 48 27 18 47 38 6 50 27 16 30 34
60
30 22 35 37 37 10 46 44 42 34 14 22 41 49 27 7 35 19 10 19 43 27 16 6 4 35 43 14 25 6 24 34 19 17 5 2 6 29 34 8 23 12 19 34 18 19 39 4 1 23 23 27 15 6 39 7 42 18 38 9 33
60
16 47 47 14 47 23 32 44 47 15 38 50 20 39 6 30 24 23 22 38 41 7 2 45 36 23 21 32 27 48 50 32 38 14 44 29 32 36 7 12 28 3 30 38 45 41 42 25 1 29 22 39 8 39 10 30 26 6 25 21 4
60
39 40 19 49 1 27 11 11 46 4 15 3 27 12 47 7 38 49 5 36 16 3 49 26 11 6 26 16 12 45 5 32 21 35 28 46 48 34 16 46 26 17 46 28 30 24 39 41 43 44 43 17 45 18 22 10 36 5 15 31 1
60
26 39 47 15 44 42 6 49 6 11 23 10 34 30 3 36 8 14 14 10 1 41 23 7 31 23 37 48 17 11 12 38 18 50 3 14 43 48 20 17 28 16 35 28 50 23 29 10 35 1 23 29 22 28 5 10 48 35 14 29 42
61
49 48 27 45 38 30 17 10 45 28 6 14 40 2 33 16 18 40 42 16 13 22 6 4 46 13 38 37 11 34 17 27 31 22 40 8 14 46 20 8 40 6 16 30 43 7 41 7 29 23 25 3 43 28 2 44 17 47 1 14 3 2
61
43 26 15 49 7 47 16 1 2 1 20 21 3 21 26 49 28 31 2 22 49 46 16 29 39 42 46 16 6 48 49 45 22 39 39 3 28 25 41 2 36 40 40 8 3 45 42 7 36 16 10 42 20 19 35 11 49 6 23 40 5 2
61
49 20 28 30 19 13 16 2 37 5 28 18 3 1 24 37 27 22 25 13 42 36 25 30 9 36 41 16 15 27 17 39 43 34 40 15 49 34 14 33 47 20 12 17 44 46 35 9 26 35 16 27 16 8 48 11 13 6 41 5 7 20
61
33 10 44 23 10 22 35 23 34 19 35 50 7 41 17 4 46 2 35 28 37 25 23 24 36 17 19 24 21 34 5 41 36 1 39 31 49 5 11 31 49 13 17 5 18 16 29 12 40 47 18 13 4 28 38 15 41 3 13 15 40 11
61
49 15 38 31 34 27 27 14 6 14 33 7 4 9 14 18 44 42 13 19 22 43 31 12 7 32 1 11 24 15 14 3 26 31 37 29 32 31 10 9 33 45 7 27 22 13 37 50 15 15 45 2 48 42 4 45 39 12 6 22 35 16
62
18 41 8 6 3 49 2 35 5 13 17 26 8 36 21 24 38 6 22 20 40 4 18 47 13 36 34 12 41 47 39 40 37 5 49 9 9 10 47 27 39 41 19 47 5 6 43 16 26 49 20 39 11 37 17 1 50 25 5 30 41 28 26
62
31 41 20 36 44 49 34 37 2 44 39 37 20 14 35 9 21 47 11 31 25 32 46 44 1 19 31 45 38 40 22 40 18 47 37 37 13 39 11 14 30 7 19 13 31 17 47 18 29 7 4 47 42 8 18 49 49 11 8 35 30 19 13
62
37 37 35 8 44 50 47 30 14 25 49 26 22 20 1 36 11 49 44 7 45 49 16 11 11 38 7 33 22 11 32 13 12 21 42 17 29 46 19 42 22 7 50 34 7 10 36 46 17 32 36 30 16 35 38 24 24 4 39 21 48 19 44
62
12 39 7 18 28 10 10 48 22 20 36 19 27 1 38 7 46 45 41 35 14 25 10 8 47 2 23 49 32 50 30 38 25 37 25 49 18 19 23 46 9 9 45 15 1 41 11 19 30 12 41 8 46 10 25 40 31 10 38 16 5 11 12
62
48 9 30 29 28 2 46 45 41 2 24 29 24 29 7 9 49 15 14 39 26 34 45 15 12 44 35 42 50 37 16 45 15 42 31 5 26 44 47 24 24 27 46 33 35 6 11 50 12 22 45 46 20 24 16 27 12 22 40 38 37 19 26
63
37 25 45 1 38 8 34 39 11 28 44 19 34 11 7 31 26 25 50 46 35 23 3 10 49 41 6 20 10 4 47 2 11 10 33 43 11 14 13 5 38 27 7 3 22 23 11 17 28 43 6 18 2 36 10 9 21 38 30 33 25 49 47 16
63
43 48 40 11 19 42 32 13 1 43 32 8 25 49 10 5 27 34 6 23 7 28 27 15 46 32 25 2 47 13 25 13 12 49 38 28 25 50 43 22 37 26 28 43 33 18 30 5 24 18 42 30 31 15 42 34 9 22 3 46 49 28 44 1
63
3 7 43 24 36 33 14 6 35 29 9 21 2 14 43 33 37 6 28 10 9 28 44 38 8 17 43 22 36 34 2 39 20 36 30 11 10 47 44 17 34 40 22 26 21 24 17 48 13 12 2 33 8 50 12 20 16 47 21 11 21 30 21 36
63
42 7 32 44 48 19 40 46 19 11 47 45 13 8 11 21 44 17 27 37 24 47 36 5 12 24 31 19 48 13 11 11 19 8 44 27 45 31 47 23 6 36 35 8 26 45 28 2 37 39 22 21 7 43 19 34 38 27 30 30 43 23 34 24
63
45 29 17 37 22 38 27 46 4 12 11 19 50 36 49 38 34 22 17 32 16 42 39 40 46 30 10 44 22 6 40 16 9 11 36 6 6 39 33 6 46 43 1 40 21 14 41 37 24 28 46 3 30 43 32 14 17 26 10 35 48 16 24 36
64
17 46 45 17 16 8 34 40 29 48 4 1 20 40 11 2 43 50 44 34 17 23 46 37 4 13 31 45 16 23 22 7 9 15 18 50 4 46 43 21 13 20 2 24 28 2 10 26 13 41 27 19 22 32 6 43 39 25 20 45 36 20 1 50 34
64
46 5 18 14 1 16 9 43 31 41 41 22 42 27 10 26 38 11 43 11 38 31 27 42 25 36 12 7 39 29 7 7 17 18 31 19 22 21 6 37 6 45 31 10 45 17 8 42 17 6 4 47 5 16 4 50 13 34 27 35 39 2 17 23 20
64
38 24 30 44 20 34 2 34 36 16 48 29 36 16 8 5 43 35 49 3 43 21 21 26 33 3 31 11 46 20 48 23 30 23 37 10 33 39 13 25 21 16 7 32 16 16 43 10 35 3 49 7 1 27 19 11 10 31 13 13 50 29 32 8 41
64
34 41 39 10 16 9 36 32 31 19 7 20 5 7 33 22 29 48 1 45 32 26 26 14 34 14 18 39 37 18 50 21 33 23 44 25 36 6 14 11 41 4 24 44 17 15 39 36 23 40 3 23 46 6 27 50 46 47 41 10 45 9 48 29 35
64
43 2 2 34 5 46 7 10 50 18 6 46 36 45 26 13 33 35 41 43 44 50 7 45 37 9 26 32 26 15 10 28 34 40 19 32 41 1 31 42 8 44 38 18 18 18 48 48 15 33 28 14 32 35 3 48 22 38 18 47 27 38 31 19 22
65
21 12 10 9 40 8 8 23 36 8 10 36 45 27 5 11 11 12 11 4 13 3 15 2 36 50 23 40 4 1 42 46 46 22 39 1 13 24 4 40 35 42 31 41 18 13 24 21 12 39 10 24 32 18 50 6 6 9 16 17 19 41 27 50 50 17
65
13 3 29 1 35 15 11 1 28 48 2 40 45 8 33 1 26 18 38 8 11 37 7 24 35 43 47 43 20 44 11 35 44 29 32 45 5 37 18 2 30 14 34 46 8 46 3 12 43 42 10 5 39 23 6 8 4 22 13 29 50 1 43 11 26 42
65
8 37 13 47 8 4 36 1 14 2 18 40 24 12 17 38 15 26 40 37 39 34 15 32 49 47 31 12 33 21 22 15 47 32 30 18 11 30 41 15 46 44 25 39 6 20 3 32 22 26 20 29 44 14 47 5 7 43 43 15 18 1 11 27 10 39
65
41 46 16 20 8 45 15 29 38 4 4 46 25 12 45 18 24 37 33 31 28 28 50 23 37 19 10 21 14 41 50 48 49 35 23 21 1 32 13 40 7 44 41 6 17 38 9 41 47 39 37 28 47 14 47 13 5 21 8 3 43 31 48 17 10 44
65
47 4 10 35 38 32 13 20 18 20 9 13 29 33 49 43 27 28 3 40 28 27 11 29 3 40 37 41 18 35 20 35 30 5 26 28 46 42 23 3 44 43 28 2 47 39 17 13 9 17 44 22 37 48 33 44 47 8 2 34 50 11 17 28 28 9
66
35 43 38 40 16 50 44 41 50 37 14 39 27 50 28 47 17 32 15 12 39 8 46 33 16 1 10 18 32 22 14 35 29 25 34 37 6 42 4 23 36 1 3 38 29 36 42 8 11 22 30 13 33 2 23 18 3 10 32 39 27 48 43 7 15 27 36
66
6 32 8 48 50 16 25 47 3 6 22 24 31 45 24 46 30 31 7 14 25 36 47 41 37 20 38 42 44 44 43 28 43 13 12 4 27 25 30 17 42 36 39 12 41 31 9 26 25 25 22 39 27 32 14 5 43 24 16 49 44 10 1 6 32 49 17
66
35 42 5 1 15 17 45 27 6 2 18 14 35 19 41 6 35 48 28 31 37 3 34 13 48 48 23 16 48 11 26 39 17 13 37 23 7 2 49 49 18 49 11 11 45 43 34 24 33 2 29 33 15 19 43 27 45 22 31 1 21 30 16 48 6 15 4
66
25 25 37 19 40 4 16 26 27 5 13 7 31 36 19 1 13 21 38 34 46 37 3 12 31 4 25 9 42 7 24 16 18 1 28 9 16 19 22 31 35 49 49 10 24 43 36 18 5 5 34 21 10 42 18 14 29 23 49 20 2 49 42 38 6 48 36
66
3 48 31 35 16 50 21 27 11 7 8 50 6 33 13 30 7 30 44 38 17 23 15 8 22 50 28 14 33 22 35 26 20 36 18 49 38 44 2 26 8 48 21 35 44 44 46 30 15 35 3 12 34 30 20 44 7 3 41 1 10 15 32 19 32 39 1
67
39 21 16 30 10 25 44 2 17 38 15 50 24 43 42 11 44 18 35 45 29 21 30 7 35 46 23 9 46 32 36 22 34 17 19 10 43 24 6 41 36 10 32 38 47 21 37 13 21 46 44 14 26 10 43 24 25 35 14 39 8 19 49 48 37 11 33 39
67
6 38 12 37 32 15 17 26 48 39 49 45 20 26 39 29 22 12 27 10 21 17 13 41 29 25 29 26 36 42 43 20 1 45 3 50 33 13 43 12 28 7 40 33 49 42 28 23 36 22 21 11 34 27 47 19 45 49 41 39 10 6 24 42 48 1 27 2
67
40 4 32 16 5 29 46 23 31 19 34 27 8 9 16 49 31 11 5 43 48 13 24 46 28 24 40 4 8 11 11 41 28 49 15 27 17 33 9 34 37 29 10 8 48 28 9 19 4 19 45 46 4 43 16 47 25 33 32 3 35 16 9 3 36 45 26 9
67
43 46 16 17 1 48 14 21 2 19 2 23 25 19 7 17 25 46 13 34 29 37 1 33 10 36 50 3 23 29 20 41 1 20 44 45 17 34 17 43 22 26 31 39 46 2 3 34 27 10 24 14 7 15 43 41 19 34 34 49 39 1 45 33 2 16 10 20
67
36 22 6 9 36 18 30 47 24 6 32 11 38 15 20 41 36 13 23 29 12 35 39 29 35 11 43 21 37 21 34 28 12 34 46 32 9 50 29 29 39 31 47 27 37 47 24 33 5 20 22 33 39 32 18 15 50 3 44 18 3 16 13 8 8 31 5 15
68
30 32 21 23 40 27 47 34 25 24 50 43 44 35 7 42 49 17 8 33 32 33 6 11 44 4 18 43 16 30 35 16 2 2 23 32 3 37 8 31 2 49 8 5 38 10 25 11 13 14 43 34 13 18 2 37 36 37 27 26 35 15 15 12 42 29 7 35 44
68
12 35 37 39 37 40 16 42 33 39 28 26 20 37 5 36 42 22 47 11 46 1 44 27 34 24 26 32 9 49 2 20 10 26 37 40 7 16 34 19 18 12 33 8 34 42 13 42 48 50 39 48 29 44 19 2 8 34 13 13 50 4 17 44 3 33 1 25 4
68
13 12 6 39 10 14 2 8 32 10 38 48 2 48 8 50 12 24 13 18 15 17 42 27 19 21 3 44 9 8 48 44 32 16 20 41 3 48 35 3 37 16 8 15 1 16 48 41 45 16 42 17 18 16 44 17 44 44 25 4 9 37 2 46 40 7 13 11 32
68
33 34 25 24 43 24 11 4 37 36 39 39 31 31 26 12 35 12 25 18 5 23 33 49 25 1 30 44 36 45 16 39 33 42 41 20 42 43 13 31 31 1 26 30 46 37 10 49 7 23 13 34 20 43 29 37 1 29 26 7 9 31 10 45 30 50 39 34 16
68
10 36 50 25 17 20 1 43 15 26 22 16 34 28 24 11 45 6 34 9 45 38 42 4 29 39 9 43 17 11 8 28 44 24 16 10 47 9 23 5 45 29 13 30 45 30 6 46 2 1 32 37 33 13 8 32 13 14 14 15 49 22 37 32 48 34 17 38 13
69
11 13 13 50 33 4 40 4 2 21 13 14 6 19 8 19 2 29 8 49 26 19 7 8 21 42 7 2 44 10 48 19 7 23 40 1 38 44 36 6 13 40 27 5 40 14 7 40 13 15 15 48 26 12 20 43 49 50 1 20 48 13 29 5 49 4 26 12 21 48
69
2 44 12 18 21 24 39 39 6 25 16 32 45 10 19 18 22 19 2 25 5 3 32 32 17 22 6 3 39 21 41 42 26 19 1 1 11 42 48 36 37 32 33 44 9 45 40 50 50 32 26 24 37 10 12 30 49 23 13 31 4 46 18 9 27 10 19 24 2 10
69
25 2 10 21 26 23 32 30 15 9 1 37 38 31 22 16 29 31 42 18 17 14 22 27 3 15 19 18 50 37 32 8 1 14 22 29 6 13 7 41 9 19 48 31 42 21 29 41 31 37 49 19 50 24 19 1 13 3 4 19 35 25 8 30 17 32 16 49 14 37
69
30 15 21 36 13 31 22 45 43 40 1 19 26 13 7 1 35 1 44 3 36 13 48 31 14 34 3 23 49 3 33 42 3 33 41 14 9 42 40 38 33 36 3 20 17 49 7 5 2 22 2 29 17 39 2 48 5 16 35 36 7 10 39 45 2 8 3 2 26 19
69
35 26 31 36 11 19 10 30 45 16 32 11 26 34 35 15 13 27 46 43 48 39 38 8 18 7 14 24 41 21 26 1 28 49 21 33 24 35 7 32 31 24 16 47 12 14 50 18 30 5 24 42 1 19 16 12 26 41 30 17 30 20 48 8 50 25 16 4 30 40
70
11 32 17 2 15 37 37 30 50 1 31 50 14 3 3 38 18 32 16 26 44 14 7 24 25 34 39 19 13 29 6 10 12 47 4 3 21 9 46 35 27 24 30 50 38 6 6 45 30 8 24 37 30 45 44 28 43 42 16 11 5 33 10 41 7 6 4 35 11 16 15
70
23 16 15 41 44 13 14 10 7 6 39 22 19 40 13 45 9 33 28 2 33 43 13 31 25 42 34 31 31 28 11 13 42 11 20 48 12 43 20 22 34 37 38 4 50 36 36 37 33 24 45 24 1 43 15 34 33 47 39 26 7 33 6 2 16 41 25 26 15 14 3
70
44 12 33 28 6 46 13 13 5 31 41 25 50 19 42 24 26 6 6 26 33 22 6 17 13 13 16 17 20 1 20 44 30 33 47 48 34 15 13 18 20 25 28 2 22 27 14 3 5 33 5 30 18 8 16 10 33 43 50 39 17 42 32 24 23 31 26 6 20 47 15
70
45 24 27 23 33 19 13 44 27 37 7 34 46 22 49 40 42 40 4 50 48 14 30 16 33 48 17 19 47 46 1 16 38 45 3 25 14 40 28 39 33 44 31 40 26 44 6 30 20 4 12 19 33 34 9 47 30 32 20 19 4 31 32 3 42 22 7 32 40 5 4
70
5 3 23 30 9 44 50 35 3 39 5 42 19 49 13 6 39 30 33 42 25 25 38 10 43 34 41 7 17 45 35 14 27 27 40 29 19 39 36 50 26 38 27 34 23 38 14 24 7 39 7 5 22 29 18 46 27 6 7 36 42 12 24 23 17 4 49 31 10 17 24
71
34 25 19 48 48 29 14 2 18 47 26 30 26 32 40 45 36 46 45 49 31 16 19 45 28 19 16 11 49 27 7 44 20 28 49 36 8 12 44 10 31 23 37 14 13 23 39 24 17 36 12 48 24 34 9 3 44 50 9 11 47 50 23 3 16 21 42 5 2 22 18 48
71
40 28 5 12 2 9 38 46 43 22 15 23 50 21 31 10 37 44 16 31 4 18 1 20 34 5 44 22 50 44 2 9 45 34 45 40 4 22 33 11 38 2 24 14 10 45 28 13 10 14 10 23 44 25 50 27 28 17 8 8 13 34 11 26 10 44 45 47 41 49 27 16
71
26 35 19 34 39 22 16 41 4 49 26 44 35 4 14 24 2 4 9 17 49 35 1 47 4 32 2 28 9 23 42 26 45 20 35 23 38 4 10 4 21 42 40 29 11 37 21 10 17 5 49 4 29 32 17 19 37 9 47 40 20 26 1 4 38 2 9 13 41 27 17 1
71
27 7 26 19 24 3 23 42 4 48 2 33 41 18 24 29 4 37 37 15 28 45 42 47 14 24 42 38 21 27 36 34 5 29 28 5 23 11 2 38 7 13 50 5 44 26 43 43 20 31 37 43 38 46 33 10 44 20 38 31 3 28 30 44 26 47 23 42 26 48 35 32
71
48 42 33 20 20 24 49 42 34 29 26 19 1 36 15 8 23 11 20 31 12 8 49 32 47 37 4 23 4 23 40 12 3 12 43 9 10 18 19 20 30 40 31 20 38 47 12 23 8 8 6 48 31 18 6 42 45 45 20 11 24 35 10 23 11 46 8 2 19 16 27 26
72
15 32 27 49 10 6 7 47 49 4 11 32 37 50 14 39 6 36 5 23 28 42 33 39 45 37 6 12 1 5 38 23 32 36 40 31 8 49 10 37 34 17 14 43 26 45 6 15 15 46 19 11 14 27 29 37 5 46 39 48 4 47 10 41 23 46 11 43 9 44 11 12 16
72
30 13 12 22 10 12 41 28 46 35 9 41 17 19 16 9 31 21 5 12 48 45 23 4 9 36 2 39 47 13 25 50 9 20 50 40 33 48 46 38 38 17 36 43 28 22 41 35 27 20 9 42 32 16 38 11 27 9 40 34 34 14 25 38 26 8 37 2 47 22 14 37 11
72
38 7 15 7 28 4 20 11 18 48 42 37 15 20 32 44 16 36 1 28 24 19 40 39 38 14 10 13 2 20 20 16 13 33 8 44 8 16 48 3 24 9 31 38 5 38 3 49 29 39 33 22 14 19 12 32 12 28 49 6 14 33 37 39 45 5 24 20 37 13 39 42 22
72
28 3 43 7 39 8 31 4 18 7 10 6 36 14 19 10 31 5 43 42 44 48 13 24 33 18 35 38 50 26 38 41 4 4 29 28 25 4 4 10 27 10 37 45 43 45 31 41 34 17 25 12 20 29 16 12 25 47 31 16 15 46 7 19 37 7 8 24 46 31 5 33 35
72
22 20 4 44 35 32 11 23 15 46 27 8 11 49 28 11 35 1 18 44 19 14 20 45 26 44 41 38 17 1 34 14 41 25 22 11 7 18 10 9 18 46 18 5 35 8 29 10 34 31 40 28 43 29 25 50 27 25 29 3 49 4 16 18 28 6 50 6 37 24 35 10 46
73
13 20 18 1 32 41 17 6 14 40 43 42 44 42 30 33 49 17 44 15 11 19 26 22 30 19 9 2 24 46 28 3 39 39 34 41 13 5 7 25 42 5 46 44 6 43 16 49 49 24 33 11 22 28 1 3 47 12 43 38 25 2 27 14 35 11 45 49 48 18 7 42 42 32
73
25 42 21 38 7 46 34 20 26 13 24 9 2 8 44 7 44 8 28 4 13 48 33 19 30 5 38 4 22 35 31 2 12 37 35 19 22 29 10 23 6 5 20 42 39 2 50 17 44 40 13 37 41 14 17 43 29 38 23 21 25 39 30 21 26 14 34 30 49 1 15 44 13 23
73
19 24 35 22 9 13 28 14 14 37 5 50 39 26 45 18 5 49 28 15 1 27 14 4 8 48 23 31 26 41 14 38 32 7 44 16 30 15 3 37 11 8 28 18 6 10 6 34 46 47 16 23 11 9 30 34 9 36 10 38 7 3 29 47 29 39 34 8 41 21 11 3 50 4
73
13 13 10 11 4 48 42 27 45 21 1 46 30 15 39 45 48 26 7 31 10 7 47 42 26 50 16 25 9 30 7 17 7 3 25 13 46 21 33 39 42 16 2 47 33 45 38 10 2 29 36 49 30 32 14 17 19 23 19 3 50 22 9 5 43 6 39 22 39 35 31 15 19 36
73
41 44 24 45 36 40 22 33 40 10 26 14 34 6 24 50 41 9 1 48 13 17 32 22 34 37 4 22 11 9 4 7 30 10 48 3 17 10 24 18 48 2 42 30 32 29 11 11 48 24 27 22 37 27 30 12 18 9 36 20 13 4 13 9 9 41 2 13 23 36 41 5 22 26
74
46 47 24 45 31 34 24 34 29 50 22 27 21 3 45 46 41 14 13 3 44 11 24 46 7 28 9 40 13 2 37 42 36 2 14 20 25 28 26 2 5 35 49 14 32 39 42 6 28 1 35 36 47 9 33 11 2 13 33 10 2 39 19 16 27 33 15 40 29 46 43 47 19 6 23
74
35 39 12 27 42 5 48 3 45 40 28 33 37 50 44 22 16 35 3 22 31 34 33 17 10 15 47 41 26 4 2 34 9 34 40 38 24 20 46 27 29 6 9 43 26 8 31 32 2 17 45 31 19 28 45 42 32 13 40 10 18 10 10 46 15 28 31 42 28 32 43 32 25 10 5
74
42 39 40 1 16 27 30 8 33 41 24 50 44 36 20 40 2 17 43 50 32 47 24 30 30 15 22 38 20 50 50 27 4 38 40 24 20 43 18 18 8 5 7 5 22 24 37 11 47 46 10 17 27 30 37 34 19 21 21 21 44 4 50 47 6 8 8 44 46 38 38 10 7 8 15
74
9 33 1 34 4 6 35 9 27 38 48 4 2 10 6 31 8 29 23 26 22 44 14 12 32 13 40 21 32 16 47 8 22 25 30 26 22 6 39 8 43 39 25 5 31 16 16 39 4 19 48 33 6 37 5 42 20 24 35 27 23 14 19 2 32 25 21 21 11 28 4 12 6 32 27
74
11 45 29 28 43 40 16 19 32 23 21 32 36 23 17 21 17 11 11 12 15 7 6 50 47 48 12 42 35 25 1 22 6 33 39 45 15 22 4 34 43 43 12 29 17 19 24 48 38 35 30 41 2 9 6 19 9 36 41 40 3 11 36 20 48 26 49 43 32 46 43 50 41 12 13
75
37 22 19 26 22 24 33 19 14 49 37 46 4 7 35 13 6 17 31 7 11 11 29 16 8 15 11 27 13 45 47 34 43 21 48 30 44 26 43 28 20 17 26 36 37 9 22 32 49 19 37 48 44 14 42 34 6 4 7 8 23 7 10 37 48 40 30 22 40 50 43 49 47 36 26 47
75
36 30 31 3 44 23 5 10 45 28 37 35 24 20 6 42 44 37 21 46 17 34 38 43 19 31 17 5 23 43 49 15 5 8 39 22 24 38 22 46 23 4 42 50 28 9 33 37 13 47 3 29 44 29 7 44 17 3 30 12 17 25 49 5 10 34 2 39 33 23 33 3 11 48 36 15
75
18 44 16 9 34 31 40 12 11 10 10 5 13 50 26 26 44 2 6 44 10 43 31 22 6 18 14 19 19 7 13 42 16 38 30 39 31 22 16 19 4 38 2 37 8 31 46 31 29 40 27 2 2 21 22 46 15 11 35 39 2 46 12 37 37 38 20 31 48 42 7 20 45 29 7 47
75
24 17 3 10 2 49 8 32 41 8 3 44 5 42 37 38 24 41 28 16 24 36 32 18 49 30 38 32 9 47 18 30 34 41 3 25 14 44 12 45 14 32 47 32 22 4 39 4 18 27 27 6 39 17 1 29 41 48 32 44 39 2 21 28 1 3 31 35 13 48 14 40 48 11 32 12
75
23 22 9 31 3 23 25 7 21 20 5 23 25 8 2 31 10 20 7 7 3 1 15 11 15 11 9 34 49 10 27 31 10 16 15 18 25 20 30 1 17 10 38 31 46 28 28 15 11 18 26 31 49 27 42 33 7 34 21 17 24 31 22 29 4 5 36 39 40 13 49 29 12 28 39 22
76
9 24 8 26 26 20 36 24 49 24 41 18 20 1 50 10 21 46 8 4 5 36 7 33 4 35 36 13 33 7 4 48 23 12 32 43 16 7 15 34 30 40 31 14 3 32 38 21 10 6 23 12 5 47 4 24 35 46 18 4 30 19 45 3 37 8 42 44 6 35 17 13 23 23 8 1 23
76
49 25 9 20 19 48 31 17 18 18 2 37 36 22 36 30 20 25 24 18 47 30 11 12 47 37 28 22 10 8 41 14 40 19 24 25 44 26 48 39 29 35 22 11 36 5 20 45 6 3 32 3 13 21 32 8 10 21 20 38 9 28 10 37 17 34 21 16 11 5 46 10 43 39 50 18 27
76
21 14 2 12 35 39 38 35 32 50 13 26 2 36 38 26 29 47 35 39 7 4 34 4 8 23 5 10 15 24 37 23 17 31 16 47 40 29 45 26 34 49 37 31 28 32 26 7 50 5 34 47 1 25 43 42 2 30 13 43 28 4 31 11 10 10 47 2 23 21 48 10 19 30 35 22 5
76
25 5 4 20 1 27 46 44 36 31 30 32 27 26 17 37 23 20 29 2 42 5 1 19 37 10 1 18 43 3 30 33 48 23 2 10 43 20 11 4 24 40 3 16 5 34 44 1 37 35 30 35 3 40 39 9 8 29 36 41 6 35 18 22 3 23 19 33 4 14 14 14 30 45 49 16 44
76
25 12 36 38 31 47 29 34 22 41 16 22 38 49 5 17 25 22 10 14 13 13 33 1 38 36 1 47 1 10 21 12 8 7 42 36 47 4 31 15 22 8 43 33 20 4 12 34 35 17 28 40 44 41 13 49 13 46 10 5 48 23 48 14 36 6 37 33 24 11 50 9 45 39 25 28 2
77
34 5 39 1 47 7 50 26 50 2 45 50 33 26 16 41 9 37 13 14 27 28 44 9 16 45 23 20 36 50 43 28 20 13 1 31 18 46 11 13 47 12 32 49 2 2 27 40 46 49 7 31 16 36 5 44 38 27 35 18 14 32 43 34 11 49 42 24 29 4 45 47 43 46 47 23 38 43
77
25 1 9 35 22 26 49 50 2 5 22 22 13 21 31 20 42 50 24 1 5 22 46 6 17 10 48 29 17 25 43 16 43 34 41 4 2 40 37 50 5 43 10 29 7 17 31 26 34 22 19 8 6 18 24 49 42 1 23 47 45 9 17 43 47 33 39 41 31 37 1 13 4 48 26 29 4 24
77
11 12 9 24 43 36 13 36 13 45 10 41 22 36 2 28 40 48 4 3 20 17 10 2 33 10 2 27 7 49 42 7 45 41 23 22 21 29 1 13 43 10 12 18 5 41 20 22 6 38 29 4 48 19 21 16 43 3 24 43 30 11 6 6 44 21 5 30 15 33 14 13 43 12 30 14 37 22
77
36 6 21 36 2 46 26 43 8 19 3 7 19 28 34 20 46 20 36 1 44 41 42 7 30 19 33 42 3 9 1 12 40 39 33 15 5 43 28 16 38 10 23 37 6 18 41 22 44 10 40 4 27 23 46 5 32 6 41 43 4 10 50 13 26 39 44 23 50 4 14 6 39 33 1 47 43 27
77
44 15 37 49 40 31 13 39 48 43 45 27 19 47 32 30 5 13 31 16 16 26 21 34 24 39 13 21 25 20 47 46 2 41 5 47 6 39 44 28 34 33 15 3 40 49 24 34 36 26 31 7 22 18 42 2 26 24 20 16 13 21 38 34 47 7 9 48 31 30 50 4 4 37 14 14 39 36
78
19 43 23 2 50 38 45 43 30 36 32 10 21 23 11 27 40 24 44 6 34 32 18 7 19 19 46 50 43 36 18 29 6 19 40 20 4 46 36 21 13 44 44 43 25 7 5 38 40 27 23 22 5 38 5 9 9 22 36 22 44 4 17 27 23 11 13 18 4 48 21 22 33 18 42 41 10 48 25
78
6 50 23 48 45 38 23 43 44 20 34 19 5 32 39 26 46 5 20 20 11 19 37 16 3 24 49 34 18 43 9 29 2 24 9 33 12 14 18 39 23 6 12 28 43 18 25 45 17 48 29 18 34 23 18 22 38 3 47 3 16 30 10 8 49 47 16 19 12 17 7 38 17 2 8 36 47 32 48
78
39 39 26 15 19 18 28 5 18 21 7 31 36 17 18 15 35 28 32 27 20 39 50 41 37 41 33 26 48 32 47 33 21 2 24 27 45 2 3 42 13 34 39 45 10 7 26 50 39 23 16 13 22 37 26 21 17 15 47 27 15 42 45 19 8 3 16 4 5 13 9 45 2 7 24 35 30 36 46
78
38 34 21 2 48 28 39 9 49 17 5 18 21 46 34 6 20 45 25 30 1 33 47 28 50 26 45 5 31 22 10 2 20 13 44 20 11 48 38 39 22 26 2 17 34 16 26 35 14 7 17 45 4 23 33 33 29 27 25 42 18 3 26 29 48 33 14 26 4 26 2 8 30 11 48 11 19 43 6
78
11 45 39 23 10 45 21 50 43 29 35 47 6 3 38 35 32 25 45 24 30 48 41 36 34 35 4 35 40 39 35 33 24 11 11 38 42 36 46 35 42 28 32 8 14 8 5 14 43 1 49 12 14 31 42 41 24 46 20 44 40 24 30 4 25 25 20 23 21 12 32 45 11 14 50 23 13 27 1
79
2 4 3 30 30 50 31 30 45 3 14 10 18 19 15 29 1 44 39 33 8 26 21 46 38 1 48 48 42 33 45 31 30 5 17 29 23 39 8 14 21 24 10 25 12 9 4 1 40 42 50 1 26 7 29 10 50 39 27 16 50 1 5 2 7 13 45 19 45 24 17 26 24 4 29 36 4 16 13 32
79
18 21 7 37 46 11 8 15 43 47 4 31 26 34 11 5 6 50 38 46 22 47 20 7 42 27 41 36 6 29 23 10 29 3 8 48 34 29 25 36 17 5 34 42 12 9 46 6 20 32 13 45 37 41 30 34 11 17 38 22 43 25 32 44 15 46 46 19 41 2 37 6 20 5 9 5 33 11 1 14
79
8 1 42 44 27 9 29 8 25 2 47 47 12 15 18 28 39 34 49 38 20 14 18 12 27 21 2 41 21 28 31 24 21 43 9 26 1 3 42 12 47 20 10 37 4 9 25 46 32 4 26 49 23 29 22 5 28 5 50 31 46 38 33 13 19 3 6 37 16 30 19 20 3 50 8 7 27 44 14 27
79
19 45 13 24 41 49 27 40 33 47 24 47 16 14 24 21 30 21 31 36 48 43 29 35 42 35 38 38 22 48 11 44 18 36 40 38 15 5 29 1 2 19 19 2 45 40 45 25 16 32 34 14 39 40 1 48 31 40 32 31 9 29 29 16 2 26 16 5 32 26 37 25 2 50 4 42 1 40 47 27
79
46 39 22 38 18 22 2 21 42 47 32 26 45 39 12 15 20 18 42 45 28 39 38 8 39 29 17 21 19 48 34 21 32 23 6 39 10 38 3 46 2 49 16 47 46 38 2 2 4 13 28 7 9 8 20 6 39 27 16 38 6 39 48 2 2 40 10 32 14 10 23 13 1 47 21 24 42 23 41 14
80
12 13 7 21 14 14 8 38 46 31 39 3 6 30 33 40 21 17 6 36 26 29 39 13 20 24 44 7 39 1 1 12 1 44 50 41 6 50 26 24 18 1 48 17 19 30 30 17 48 22 40 18 19 5 45 37 45 41 9 37 17 25 14 30 28 46 17 36 45 13 26 38 3 24 29 36 5 12 23 21 30
80
10 29 11 8 49 37 50 13 42 4 8 5 4 18 50 16 22 4 23 28 4 33 27 38 24 36 20 33 4 46 50 33 23 32 48 1 46 3 12 44 44 45 14 18 4 49 47 19 4 12 27 8 34 42 25 33 19 27 5 20 25 7 13 14 49 19 28 15 28 34 49 41 28 48 43 14 25 43 11 24 25
80
4 4 18 1 32 14 7 11 19 47 38 1 27 40 5 41 5 41 20 9 32 40 13 33 48 31 44 1 21 20 47 29 17 17 23 19 40 14 19 27 6 31 22 17 32 27 48 30 43 22 2 20 40 3 40 22 20 39 35 31 11 30 50 7 22 32 32 16 47 10 3 16 49 33 8 46 34 32 33 42 22
80
13 30 44 16 35 36 12 9 39 16 48 11 30 47 23 12 3 36 36 26 9 24 5 47 42 46 12 46 11 42 5 6 38 35 42 23 40 2 6 17 22 15 13 3 26 32 22 5 37 18 21 17 32 28 7 37 20 21 25 37 4 32 35 9 3 21 48 22 24 46 24 4 8 9 10 38 26 32 43 44 44
80
48 31 39 48 32 15 32 23 29 37 18 7 46 8 45 50 19 47 7 33 31 16 45 10 43 41 30 15 22 17 50 11 11 13 40 1 5 21 10 23 17 43 46 34 18 48 10 37 27 28 32 50 9 31 10 40 8 35 33 34 4 43 25 21 45 23 8 21 6 47 29 44 8 25 30 50 27 12 16 28 14
81
45 3 44 29 15 35 6 32 8 16 39 22 6 42 40 42 9 7 2 32 37 9 2 47 8 28 5 4 18 15 50 46 32 42 39 8 47 2 2 12 19 31 5 31 48 15 28 21 18 21 26 6 29 38 36 41 46 38 42 45 48 19 31 9 45 31 6 12 41 41 48 12 25 20 42 41 5 15 34 33 35 25
81
45 50 49 10 33 21 18 10 50 47 35 14 13 41 17 47 6 43 48 26 13 46 31 33 47 28 8 23 31 37 39 11 11 23 33 37 21 28 17 5 18 14 29 11 26 26 7 10 46 33 21 38 50 41 3 11 19 12 5 4 17 12 45 21 27 29 19 40 6 2 27 19 40 35 30 17 2 5 14 28 42 48
81
17 14 45 37 33 7 30 45 29 27 40 2 44 17 21 36 6 33 2 5 45 45 14 30 37 15 17 12 44 42 1 12 16 19 1 32 16 30 19 46 16 24 33 47 44 38 2 31 13 31 21 37 45 11 5 16 15 17 25 36 28 50 3 16 31 15 28 30 21 19 21 22 34 41 42 8 8 42 41 23 40 40
81
8 20 8 44 40 14 1 8 27 12 46 4 22 47 40 8 20 2 24 35 37 5 16 25 36 24 27 29 11 21 25 50 20 3 43 18 16 44 32 49 32 3 9 6 48 10 27 10 13 50 9 41 43 37 26 39 39 50 47 8 39 36 3 23 30 16 32 27 28 2 13 43 7 30 22 36 50 21 19 1 32 23
81
19 14 3 14 10 39 45 28 39 48 41 20 34 50 42 21 15 41 43 38 42 8 11 45 25 37 43 6 2 30 4 17 38 12 7 20 37 31 47 24 18 15 48 24 17 10 35 31 15 23 30 37 25 7 15 36 25 3 45 10 14 18 47 10 17 46 26 1 17 19 12 26 20 43 3 36 13 16 11 38 26 5
82
47 40 34 13 42 22 26 8 10 24 17 46 19 7 27 12 30 19 37 39 25 24 46 41 29 33 26 18 4 15 15 28 49 46 43 3 35 18 31 3 7 49 24 36 33 32 46 21 3 7 39 2 17 21 11 45 1 35 27 43 34 13 48 22 23 45 30 24 33 13 3 18 42 18 19 15 10 44 14 19 41 49 3
82
33 32 48 49 40 26 18 43 8 28 25 3 38 21 6 21 25 35 21 43 10 19 30 21 25 44 33 32 23 46 23 25 22 13 20 49 43 45 38 9 13 20 24 35 22 28 41 12 32 17 49 4 23 36 15 22 18 40 43 32 7 42 30 50 28 34 49 23 43 1 33 10 45 36 12 34 36 18 4 41 8 8 23
82
41 48 21 38 3 27 47 33 3 26 39 31 35 7 17 42 25 44 38 14 1 50 4 27 17 13 14 22 11 45 23 18 46 22 2 29 19 20 24 41 30 13 47 40 31 37 38 9 39 30 39 35 2 8 14 16 7 48 14 6 5 35 15 43 30 6 49 18 47 3 33 40 10 38 34 49 34 20 6 29 20 49 43
82
31 2 6 15 27 24 41 39 33 2 33 10 17 3 14 40 47 38 31 39 34 5 22 42 5 24 26 28 24 20 4 15 49 10 43 33 40 39 49 36 37 20 15 50 18 25 33 36 1 41 30 20 12 10 39 10 23 14 18 39 17 1 21 2 49 50 30 27 38 12 15 28 36 21 16 48 34 29 46 24 5 12 47
82
17 46 30 46 13 49 38 43 49 12 32 8 46 17 6 34 39 37 15 21 30 16 43 32 10 33 17 35 14 27 34 47 25 27 13 23 38 8 24 34 9 22 1 9 10 40 9 39 36 30 26 13 8 48 20 10 32 33 34 43 34 25 26 49 33 30 46 2 19 44 25 20 31 10 38 47 42 18 4 5 47 41 46
83
22 3 44 9 13 36 33 4 47 37 36 18 7 22 42 38 6 37 13 26 26 49 32 46 29 42 16 50 47 11 16 49 28 10 15 12 3 44 11 46 34 21 5 17 3 8 1 10 11 11 4 18 13 14 37 23 30 18 49 24 46 11 37 6 20 15 16 2 12 37 17 38 14 27 41 6 7 22 13 12 12 14 37 40
83
12 30 37 3 8 23 2 49 7 35 17 12 2 5 35 38 38 21 5 16 47 42 14 16 19 50 43 18 20 43 15 36 31 3 22 31 8 14 34 36 49 19 1 26 49 5 13 6 26 9 37 14 4 19 2 28 38 29 19 40 14 30 8 46 30 30 7 47 3 48 9 5 1 8 15 16 42 34 40 42 7 33 1 41
83
1 18 9 22 44 30 22 13 29 30 10 13 42 35 6 12 25 44 32 41 27 15 23 28 38 19 24 3 36 23 36 18 48 29 41 29 16 38 47 33 9 38 36 10 43 35 1 18 32 33 38 17 2 11 9 1 27 1 39 9 27 2 28 34 41 49 44 42 16 5 24 38 37 28 20 23 32 28 21 5 1 13 17 47
83
28 29 24 16 46 23 12 45 4 16 27 26 41 4 21 36 50 10 30 48 36 30 5 27 31 41 44 30 31 18 6 12 13 23 9 24 37 42 7 31 5 22 41 4 46 29 25 23 1 32 39 35 18 46 12 33 17 30 8 5 26 16 21 46 11 31 45 47 18 3 28 29 20 31 7 49 12 46 42 20 10 17 9 46
83
16 36 10 18 10 8 43 50 44 9 42 4 3 26 23 32 16 27 48 10 22 1 39 22 30 8 47 2 50 26 9 21 9 45 35 39 3 46 41 33 27 31 48 4 23 29 31 35 36 4 19 6 39 3 36 46 50 35 29 11 36 5 47 48 29 8 6 27 47 39 17 47 19 16 1 10 17 19 9 24 30 23 30 46
84
25 4 15 43 18 28 49 11 1 39 6 48 8 12 50 40 37 5 5 43 37 22 6 44 17 25 16 48 24 2 31 13 39 31 42 44 19 44 42 6 20 33 5 16 11 20 16 28 9 35 10 7 22 42 29 11 18 17 18 25 20 47 19 6 17 14 27 1 15 47 24 22 50 46 1 41 46 35 5 41 42 1 8 45 20
84
5 30 50 46 5 40 19 42 26 40 16 25 11 21 35 48 6 35 21 40 50 27 34 23 23 13 8 44 32 43 19 1 50 21 11 42 5 19 23 45 14 35 2 9 36 38 37 18 46 31 9 20 49 44 41 22 47 34 45 12 33 23 43 45 19 14 42 34 17 1 44 9 42 18 28 21 29 18 26 47 33 3 5 3 36
84
15 40 43 36 10 5 18 7 25 17 20 26 40 27 10 30 6 27 18 35 8 2 39 31 1 28 8 5 46 49 45 28 21 49 41 16 1 5 18 43 7 13 15 50 29 14 46 15 25 7 50 10 37 43 5 46 42 16 6 39 49 13 31 1 32 11 4 25 25 10 29 1 21 48 33 30 23 2 33 49 11 22 20 4 14
84
35 47 9 39 23 6 16 27 22 1 45 4 7 25 19 8 27 31 45 45 36 30 36 38 31 45 7 41 23 2 49 5 36 14 13 44 22 33 18 25 41 12 5 5 33 33 23 34 47 12 38 30 42 2 23 49 35 36 2 49 43 42 50 49 30 9 49 32 44 20 4 10 6 38 27 33 30 4 6 49 21 36 11 3 4
84
40 35 50 29 4 7 42 8 15 26 15 49 7 37 33 6 6 8 3 18 32 35 14 48 34 11 46 24 7 19 33 50 42 44 13 1 8 19 17 50 4 20 34 7 43 27 3 9 2 10 50 50 47 29 8 23 48 23 27 10 25 33 50 21 26 22 26 22 21 30 9 9 41 27 5 34 45 20 42 23 7 46 39 23 35
85
7 6 9 43 43 23 7 44 38 46 43 10 34 5 12 38 23 48 39 11 39 46 43 9 35 8 26 27 28 6 33 50 39 45 47 48 25 33 45 27 31 11 18 43 40 44 46 4 17 7 42 47 47 23 35 33 33 24 34 15 27 32 2 9 6 8 37 15 45 7 38 2 6 2 28 35 18 5 42 13 46 35 4 24 49 37
85
29 37 5 23 4 40 42 40 49 29 13 38 15 41 49 24 27 21 41 36 41 42 25 14 34 37 50 49 23 5 27 20 1 7 2 27 37 42 40 28 25 2 30 22 15 2 28 36 47 1 16 21 18 13 38 3 47 7 27 36 49 39 42 5 19 9 23 46 46 28 44 5 14 48 5 49 19 7 19 18 44 49 48 32 45 48
85
19 46 5 39 21 25 6 27 45 8 16 6 7 35 18 18 5 9 1 25 16 11 3 42 11 42 45 46 29 5 4 19 33 2 31 1 13 14 24 44 30 13 3 50 11 36 25 19 4 24 12 43 14 30 9 36 29 23 27 21 31 44 2 26 21 6 3 30 30 30 11 49 35 1 44 41 1 30 25 31 36 3 49 33 43 15
85
39 47 2 23 5 18 19 49 3 37 38 2 44 42 30 10 19 27 4 39 28 16 34 47 15 19 20 42 20 26 11 44 6 1 42 21 30 18 16 29 38 26 26 45 31 20 39 17 24 27 7 19 44 45 33 11 24 9 39 13 28 19 38 40 48 50 49 36 21 15 34 41 5 10 5 45 40 6 11 26 19 35 3 43 4 10
85
12 34 4 46 23 50 29 38 13 14 3 34 4 29 36 42 49 14 44 19 22 23 11 14 32 41 14 45 17 40 5 27 27 40 35 29 15 18 17 24 12 35 22 8 13 23 20 41 18 2 47 11 42 12 8 24 39 50 27 34 28 37 12 42 13 15 4 13 21 4 27 6 7 41 14 31 11 2 5 41 20 10 18 33 11 22
86
5 35 47 29 50 37 34 36 49 19 41 12 5 47 33 42 36 7 48 34 46 30 31 47 39 47 15 5 6 29 24 46 39 37 24 5 26 18 49 49 1 3 1 29 31 22 35 5 22 47 8 35 48 19 36 43 29 45 46 28 44 46 46 19 40 38 8 37 29 24 26 21 25 4 13 48 28 25 2 49 36 10 25 7 25 26 7
86
44 1 1 50 10 38 26 24 37 49 27 5 44 41 16 16 11 16 6 50 24 24 19 1 24 5 19 8 19 31 16 26 10 6 34 45 27 11 34 30 38 27 23 39 35 28 12 25 1 25 41 8 44 6 38 30 25 28 29 35 6 17 20 38 23 36 4 50 49 38 9 30 30 32 26 37 35 49 3 9 9 28 20 36 35 10 19
86
1 1 26 2 24 37 45 46 32 7 33 1 28 16 13 9 40 9 6 36 49 47 1 13 11 38 19 36 41 3 30 30 41 45 30 13 35 8 19 3 42 12 10 12 1 49 29 3 18 36 15 45 7 42 47 21 25 45 49 3 33 43 31 8 30 29 8 31 15 32 39 36 2 18 27 47 48 46 19 40 17 14 28 22 47 16 17
86
42 46 24 43 28 14 42 29 11 48 17 43 8 2 19 22 49 35 12 14 12 40 22 1 17 5 23 35 42 33 23 39 46 43 12 2 46 38 46 13 16 39 3 15 30 4 46 17 42 28 24 34 37 8 49 35 17 40 34 2 34 34 42 37 36 28 50 10 34 43 4 37 47 35 42 12 9 45 42 1 21 30 25 39 47 32 34
86
6 17 17 13 6 40 6 41 10 21 15 49 12 39 44 26 22 38 48 19 17 11 28 20 25 16 31 40 48 36 45 41 39 14 30 5 17 20 43 16 40 40 4 16 32 15 47 4 25 21 47 14 30 21 30 18 22 50 12 27 15 48 24 46 21 38 17 30 49 16 50 45 41 6 25 6 9 2 17 47 15 49 28 39 26 22 49
87
13 43 4 3 25 10 28 17 6 49 2 44 21 13 7 37 41 46 43 31 22 33 2 33 36 24 26 31 14 2 37 8 18 12 1 4 28 16 7 33 7 47 13 46 12 19 5 13 1 18 26 34 6 33 26 49 46 7 9 11 50 37 11 18 1 36 14 5 49 14 8 36 40 43 40 43 49 50 11 4 30 34 36 50 7 50 1 21
87
10 28 29 42 12 19 29 6 27 28 14 25 34 24 14 29 39 38 46 28 17 45 31 37 32 40 47 12 16 34 44 36 44 13 43 49 43 29 7 9 9 20 28 31 3 47 23 25 39 30 13 45 35 18 18 15 1 49 5 17 13 15 1 7 18 45 32 39 43 20 8 6 9 14 23 29 35 20 36 13 32 40 27 9 29 42 46 36
87
33 49 15 38 7 13 20 31 21 49 27 37 29 20 26 15 19 7 28 36 49 30 37 28 6 32 45 21 35 38 17 30 31 11 42 12 25 1 41 18 4 46 49 30 38 38 31 4 33 13 48 48 41 15 4 50 21 44 46 26 48 33 23 40 40 50 23 18 29 24 40 34 26 48 8 10 37 4 26 44 41 26 27 21 8 46 35 19
87
16 25 3 38 40 33 43 20 47 39 17 20 40 28 37 11 29 41 45 13 39 9 49 45 10 25 13 3 34 29 4 36 40 27 14 31 20 29 23 8 10 28 50 28 19 45 17 17 21 18 12 2 30 13 12 26 43 20 40 35 20 3 43 1 5 21 25 50 44 36 11 46 9 49 24 25 4 16 36 43 6 13 44 13 46 40 40 40
87
44 8 43 2 47 33 17 27 10 47 11 32 46 8 3 21 48 41 14 24 26 23 4 18 15 8 27 30 31 30 31 25 6 44 15 33 24 49 36 47 43 29 3 50 33 38 6 25 35 29 26 8 23 33 28 33 50 26 21 33 10 12 45 37 50 24 15 38 2 50 19 11 31 43 6 46 39 14 50 25 29 10 2 32 14 40 19 28
88
18 6 11 8 29 20 19 24 25 35 6 41 12 49 45 39 19 3 4 35 28 29 6 5 49 31 17 13 9 34 26 31 48 28 27 47 23 36 48 46 35 16 29 30 12 16 37 29 11 10 50 26 50 38 37 40 3 23 8 37 6 20 2 46 50 16 45 7 43 36 22 22 50 33 2 44 17 31 38 33 40 26 45 5 38 15 7 33 9
88
32 24 3 30 14 40 32 13 33 50 46 8 6 3 4 11 24 25 35 35 11 23 38 13 47 10 38 6 20 9 33 40 42 22 30 19 8 36 6 50 11 11 42 36 18 28 45 35 3 14 28 48 34 35 34 9 11 14 13 1 43 50 12 6 36 23 29 47 3 16 25 48 16 7 31 25 12 19 31 2 43 2 7 49 19 16 40 12 28
88
30 42 49 1 25 31 21 8 15 33 41 24 24 18 7 47 25 10 30 38 50 39 24 35 24 37 50 37 22 11 47 33 8 22 24 1 20 1 27 11 45 15 13 7 42 10 49 21 29 30 11 11 7 33 47 35 15 38 44 49 15 4 48 10 21 35 7 17 35 37 18 5 3 23 32 3 3 10 20 18 38 22 5 36 29 42 24 30 1
88
43 39 38 30 47 4 36 27 7 6 25 29 24 12 15 9 16 6 11 26 42 12 4 44 35 29 11 8 9 31 3 18 9 31 38 44 12 32 30 48 32 12 6 47 17 36 29 41 5 27 35 49 5 39 41 28 37 10 45 12 32 15 46 35 11 45 5 25 33 47 4 4 10 32 5 43 43 9 29 6 34 38 29 19 25 32 3 4 28
88
25 18 2 14 45 43 47 35 41 7 49 16 22 29 44 19 48 28 7 17 23 6 41 5 4 21 45 33 34 17 18 37 19 49 12 37 3 1 20 7 35 32 25 6 26 14 39 10 34 46 36 25 39 39 10 32 31 42 8 24 32 50 50 12 25 11 12 19 14 48 32 17 50 5 43 10 26 24 49 42 18 4 41 28 22 11 22 6 19
89
42 2 18 38 3 6 40 29 34 38 48 47 50 32 26 11 14 36 28 18 17 3 4 13 13 44 28 14 41 3 25 34 32 10 46 36 6 5 45 34 24 8 6 42 40 31 32 46 7 10 39 42 41 48 43 24 2 43 29 48 4 11 30 20 2 17 19 7 14 50 13 18 39 19 39 29 45 26 32 19 48 49 1 46 45 13 26 9 34 41
89
50 23 20 46 2 33 46 7 22 15 20 9 31 26 15 40 28 41 28 37 25 19 14 30 48 40 23 42 15 6 24 28 36 20 19 10 15 29 50 16 29 1 7 45 5 50 25 24 5 9 16 34 22 21 25 6 44 9 33 45 35 22 38 10 38 30 50 43 33 10 20 30 2 30 6 1 42 50 14 30 36 18 4 14 41 10 33 47 22 40
89
6 11 43 46 7 47 22 7 4 28 47 4 12 19 18 27 22 35 14 32 25 24 3 2 17 8 15 6 44 37 18 17 29 17 25 46 15 7 2 44 34 14 41 50 40 17 9 41 16 21 28 46 41 32 45 46 46 37 37 4 17 14 15 4 50 31 48 23 40 20 17 49 2 24 44 1 49 11 34 5 23 48 26 34 3 17 20 17 46 28
89
35 12 27 38 42 32 21 22 1 24 39 36 15 41 18 7 5 14 16 14 34 23 28 20 50 45 9 22 39 7 40 11 5 31 27 26 40 39 45 39 47 47 15 45 11 19 24 5 28 15 8 47 46 44 42 31 44 10 46 27 27 33 37 31 48 7 11 25 37 23 20 9 42 1 26 3 33 1 4 49 44 16 48 42 27 14 4 17 45 9
89
31 45 35 10 40 24 43 46 30 38 37 24 9 41 50 29 24 46 46 9 32 50 16 15 37 22 6 2 10 39 27 29 3 38 49 33 41 48 32 2 19 3 5 15 15 13 45 38 49 19 12 5 13 38 29 7 40 36 6 30 46 30 37 7 15 48 11 35 23 15 23 32 16 9 45 3 14 43 33 47 31 50 14 6 3 33 32 4 32 21
90
1 11 33 18 45 1 4 41 7 32 39 1 7 45 32 41 44 40 5 36 49 3 19 30 45 36 11 3 50 15 47 32 26 12 37 33 42 39 15 30 43 48 48 5 36 22 9 25 44 37 50 30 36 14 12 25 3 44 39 39 16 12 42 11 28 25 14 14 35 44 23 3 39 30 10 31 23 8 37 2 24 8 41 35 33 34 45 22 17 24 47
90
43 18 28 38 15 27 20 20 9 34 27 18 23 2 32 37 8 7 24 21 27 27 39 22 42 21 3 3 47 45 15 28 12 47 35 35 8 27 36 17 34 20 34 40 35 34 16 37 47 15 10 37 44 35 29 3 8 33 13 27 13 9 10 21 2 21 32 17 12 39 36 33 47 7 17 45 29 23 5 37 36 10 3 42 7 30 43 16 15 50 35
90
30 37 13 18 29 19 31 27 13 5 45 8 42 11 29 39 43 35 26 17 13 48 19 13 18 2 49 47 28 2 4 9 10 13 7 43 32 5 43 46 35 49 13 18 21 5 29 17 5 6 45 29 7 10 48 12 15 1 36 46 18 4 47 48 16 28 41 40 7 36 3 33 17 49 34 10 2 23 19 1 49 49 15 35 42 34 34 37 41 45 50
90
36 24 4 10 4 25 24 30 29 39 25 12 7 35 6 17 13 31 27 25 33 13 11 9 20 20 5 33 13 42 49 16 33 27 28 20 23 41 23 39 5 48 5 32 33 2 23 37 27 35 5 10 25 47 28 44 3 18 26 28 12 4 23 30 38 36 17 7 30 14 36 32 16 30 40 13 28 36 49 49 4 46 39 45 31 39 35 44 23 25 48
90
45 43 35 28 4 11 42 47 3 43 29 50 2 11 25 6 31 47 31 5 34 28 10 7 26 10 40 1 39 14 9 5 16 17 12 41 46 20 12 15 15 13 40 23 32 24 12 33 47 48 48 29 25 6 9 44 19 1 48 42 19 24 15 43 45 38 34 45 21 39 26 31 7 14 47 26 30 2 15 42 5 42 20 14 17 39 32 21 19 19 15
91
34 34 42 17 44 14 14 2 35 44 45 26 22 8 35 10 25 9 13 43 22 47 8 32 27 48 22 36 31 24 18 42 6 5 30 4 32 34 44 50 47 33 18 42 50 20 15 25 34 2 34 14 27 20 27 31 23 5 37 16 21 13 47 26 28 34 47 42 49 40 25 37 9 14 46 14 21 35 38 13 23 3 27 27 32 21 20 30 16 38 47 18
91
16 18 38 7 12 36 27 7 36 19 25 47 19 40 26 41 23 45 43 34 13 3 32 36 11 25 27 42 22 25 37 39 43 47 42 21 35 42 26 14 37 15 48 29 48 10 30 49 31 5 19 44 7 29 19 5 1 50 41 11 37 38 38 46 44 34 44 26 25 34 19 38 41 46 24 24 17 41 40 43 34 10 17 23 30 11 48 34 40 1 6 4
91
19 45 48 30 21 48 10 30 47 43 3 35 29 10 25 45 44 3 21 9 14 2 16 23 15 8 6 17 12 30 36 36 26 31 11 23 41 50 28 36 11 24 36 20 28 18 8 19 38 33 20 8 50 14 19 20 19 22 44 6 29 43 46 18 4 6 31 4 8 33 38 5 39 32 30 4 40 32 23 14 2 40 41 25 39 30 23 8 45 43 40 43
91
16 29 18 24 39 31 31 4 44 50 14 21 29 30 39 7 41 22 9 8 40 47 19 14 47 48 7 13 17 49 44 24 47 15 42 38 19 7 2 47 1 41 8 36 50 10 26 36 42 31 16 16 13 14 34 47 36 32 3 19 2 21 6 41 47 29 35 31 27 9 9 14 48 41 10 33 36 2 38 29 8 5 32 6 9 48 24 40 46 40 26 39
91
17 5 13 30 22 24 47 40 31 13 43 28 27 49 22 27 1 31 30 47 34 15 16 20 24 6 33 13 36 19 42 38 43 40 14 2 38 48 16 14 24 6 8 46 45 46 31 29 15 20 27 46 16 27 6 45 13 6 18 25 47 45 5 44 19 15 22 18 43 31 39 38 31 25 23 20 48 26 42 39 47 29 2 16 14 6 25 40 48 16 36 9
92
44 22 48 23 25 14 23 26 25 15 6 34 9 21 12 35 29 3 15 34 50 22 47 18 46 15 14 26 26 2 50 41 6 4 22 43 25 31 16 25 17 7 12 37 30 14 28 13 43 6 3 21 26 35 17 19 50 39 17 9 16 5 42 47 33 28 25 24 25 21 39 1 32 19 6 39 22 24 30 18 36 19 26 1 25 32 16 12 14 37 43 33 16
92
38 34 10 9 7 19 22 21 10 36 20 38 24 11 23 44 16 13 3 1 26 28 39 43 21 5 4 13 9 49 28 9 47 5 39 27 49 50 32 39 47 26 40 6 5 46 31 18 20 29 35 16 25 44 39 30 20 45 44 48 7 12 29 42 32 42 27 26 4 28 13 2 41 14 29 47 43 20 39 37 36 1 13 15 40 13 25 31 33 17 35 26 11
92
27 29 32 7 23 3 29 19 44 10 25 40 3 16 35 11 8 46 2 22 25 10 39 39 7 29 41 22 24 38 33 21 29 17 9 3 30 24 5 35 43 49 38 2 8 12 4 48 38 26 30 44 21 3 1 10 11 1 23 16 23 13 47 3 49 42 39 33 43 50 19 41 24 25 11 24 10 30 19 34 36 3 44 30 50 47 28 43 25 26 33 42 6
92
50 12 23 29 34 7 22 30 30 40 35 48 35 32 15 19 3 42 22 50 10 14 37 43 15 26 43 2 27 29 8 8 18 27 16 43 25 25 2 6 8 12 33 15 16 42 9 2 25 46 43 30 24 4 46 7 45 8 2 40 19 34 12 19 43 39 19 10 28 47 26 3 44 44 9 23 47 24 31 13 48 13 26 33 6 30 32 29 9 50 1 11 33
92
20 1 45 34 41 46 19 42 44 48 17 5 6 25 31 46 15 41 7 35 30 6 34 13 15 8 32 49 17 18 26 43 2 35 11 36 25 21 28 34 33 40 11 14 20 15 6 16 19 45 17 21 43 35 38 43 6 22 39 32 26 47 50 50 20 25 50 33 17 13 8 21 7 17 7 19 17 45 22 2 38 5 2 4 40 14 24 47 12 45 8 14 29
93
26 3 22 14 4 6 50 37 21 5 40 20 36 39 15 2 8 45 16 26 41 42 17 20 31 46 4 19 40 12 30 27 11 7 22 10 14 1 30 8 24 10 42 18 7 2 36 35 36 31 4 47 24 33 42 27 29 30 29 42 8 39 31 18 14 50 20 2 10 31 37 4 42 30 27 36 26 48 36 17 8 35 46 19 16 42 6 34 29 32 4 28 43 48
93
47 9 3 41 29 42 32 33 35 36 3 22 29 18 11 15 31 41 8 30 41 35 13 46 36 13 40 26 49 1 30 48 3 33 50 2 39 37 27 43 16 43 33 16 3 23 29 34 42 6 17 24 38 6 5 8 34 46 40 36 13 2 22 26 3 15 24 22 25 23 1 29 4 5 4 19 12 46 36 20 1 41 12 11 37 8 26 19 32 30 20 33 31 19
93
39 45 11 9 18 44 30 28 16 2 4 46 5 19 49 28 4 38 11 30 2 9 38 23 2 30 37 17 43 35 14 26 32 7 16 41 41 33 3 22 1 33 12 23 36 47 12 21 50 9 38 24 38 23 25 13 44 32 10 46 21 46 10 3 3 35 31 9 5 9 50 3 8 10 34 41 9 49 11 39 38 40 47 34 13 25 9 2 11 32 18 30 6 46
93
9 22 41 12 44 17 3 3 11 13 46 25 48 32 6 13 14 20 40 4 32 14 9 27 43 11 31 18 32 11 6 20 9 45 16 49 13 35 47 44 34 20 33 15 24 46 47 1 46 7 37 49 38 7 33 24 30 45 41 9 31 29 8 18 47 6 38 42 48 24 29 36 12 29 28 40 34 40 26 37 46 18 36 30 32 23 43 28 10 23 25 17 15 23
93
4 11 16 46 22 17 19 39 33 35 40 20 46 1 31 29 49 48 7 48 47 42 11 14 17 41 46 43 19 23 22 50 10 10 43 28 29 8 37 48 34 17 13 10 39 48 12 6 32 4 23 48 38 44 12 2 14 44 28 34 20 9 23 47 44 23 17 30 22 4 22 8 9 12 5 30 27 25 14 24 3 37 13 20 32 22 30 30 27 24 1 17 16 34
94
38 38 41 13 45 10 20 13 5 50 24 12 9 40 19 26 45 33 2 47 8 14 46 46 37 44 27 13 37 36 29 32 34 27 8 43 23 40 48 16 2 4 46 7 30 6 45 48 5 27 14 19 40 50 45 3 48 10 31 6 43 43 17 42 6 5 8 3 50 23 23 49 24 44 15 18 34 19 25 19 15 25 32 12 6 42 29 14 50 33 44 28 10 17 40
94
34 6 29 29 11 40 29 15 30 11 14 29 35 33 14 30 1 39 8 1 16 38 36 20 46 16 40 26 10 22 24 34 21 3 16 39 44 39 12 30 45 37 49 36 34 43 26 38 45 25 35 32 12 43 21 44 28 19 7 18 43 48 1 43 29 15 39 1 35 22 5 4 26 28 48 20 50 6 34 39 4 43 32 17 31 6 6 30 7 42 35 34 22 13 48
94
49 2 6 48 6 41 18 20 16 20 23 49 3 10 28 44 11 29 46 46 46 28 1 28 45 3 43 39 8 38 3 44 12 32 29 14 15 44 14 25 2 25 21 27 21 34 28 10 19 50 46 33 8 50 48 36 4 48 34 46 24 13 44 33 20 31 26 15 4 49 34 11 36 36 16 47 48 29 2 2 36 41 47 41 34 38 28 9 17 1 42 22 36 22 46
94
33 29 30 48 29 46 45 26 25 26 37 47 31 3 34 43 47 15 29 10 11 10 50 29 33 10 12 3 15 17 10 42 34 28 32 38 14 31 45 47 25 18 14 1 36 8 1 42 41 42 6 11 20 7 17 21 34 14 25 43 47 35 9 48 3 1 19 12 12 8 46 34 35 25 8 34 39 29 1 47 16 26 38 24 38 23 39 47 34 40 23 42 20 31 32
94
19 46 49 27 36 12 27 9 36 11 42 43 10 39 29 22 37 19 50 10 43 10 9 27 33 20 4 22 18 46 36 5 25 10 23 25 40 35 21 19 12 21 11 28 14 19 16 30 6 50 29 1 9 1 2 20 46 4 48 48 5 33 39 44 40 45 3 44 22 28 34 48 37 7 4 4 6 44 3 23 29 20 24 10 39 22 34 32 46 23 40 13 12 33 44
95
50 1 28 19 34 9 11 33 3 36 46 12 25 31 28 27 33 31 38 28 37 29 7 1 34 5 28 49 47 36 39 33 38 27 26 40 10 25 19 25 35 19 30 16 26 28 25 8 2 35 38 38 45 22 37 10 38 31 14 24 29 28 17 3 41 17 25 39 49 49 35 43 37 13 37 26 43 4 23 36 21 12 21 20 22 10 8 16 17 37 43 1 47 50 41 10
95
8 8 47 13 18 38 31 3 25 11 36 48 26 13 15 24 18 29 43 38 48 1 1 13 14 11 31 15 34 21 8 50 21 6 40 29 15 20 40 10 26 4 3 5 3 13 26 6 30 40 7 42 43 45 12 7 34 14 50 27 39 24 18 10 37 35 44 13 31 25 40 37 1 22 34 10 5 48 29 21 38 26 49 48 45 23 16 26 45 8 32 24 23 7 7 24
95
14 28 17 26 7 12 44 43 19 18 15 48 25 2 40 23 36 29 38 21 15 14 1 8 30 7 35 39 50 37 14 15 35 46 48 7 25 7 17 39 26 34 18 17 45 22 8 31 12 48 34 42 9 14 35 31 42 46 27 45 38 32 40 40 5 34 36 37 36 26 38 46 1 7 37 5 50 35 17 9 42 26 31 34 2 38 43 42 21 14 11 30 49 30 15 32
95
46 50 37 40 44 35 9 43 46 32 20 14 3 18 27 18 23 2 14 22 2 38 38 46 7 17 17 17 24 41 41 37 29 7 49 9 46 6 14 36 34 4 28 24 32 27 29 8 16 41 15 32 38 30 46 21 14 12 18 18 33 31 15 19 1 26 22 11 17 27 19 36 23 19 42 40 26 50 35 48 46 14 46 36 50 33 39 17 31 30 27 14 29 48 22 35
95
50 15 7 5 39 25 26 35 42 37 23 27 21 41 35 19 13 46 28 6 38 47 8 46 35 24 26 27 11 9 27 35 28 43 27 48 1 3 14 49 40 41 49 15 20 7 3 50 7 48 50 33 16 44 36 1 29 22 48 25 17 20 14 23 22 40 42 11 27 47 47 23 17 20 13 22 38 34 30 28 26 31 21 24 26 38 15 45 48 41 26 8 36 13 15 10
96
21 40 25 12 41 11 7 49 23 37 16 50 10 36 50 5 21 11 17 20 1 48 24 16 10 43 31 49 16 3 29 16 40 38 15 3 18 25 12 43 10 8 20 20 4 9 5 13 36 46 11 4 6 2 19 47 32 31 20 24 43 17 1 50 7 24 20 49 49 8 32 24 5 10 11 10 40 25 20 1 42 4 32 41 31 8 32 29 27 48 2 38 20 7 20 13 4
96
36 18 34 43 13 40 24 25 35 46 34 31 9 7 34 24 43 16 34 38 50 35 24 4 33 12 47 36 12 7 21 49 7 28 22 43 21 17 7 38 46 42 25 36 25 38 48 26 4 15 47 6 36 27 14 10 39 15 7 32 46 28 38 50 28 34 41 8 12 4 37 3 33 7 26 43 45 6 30 38 19 36 37 41 31 9 22 7 29 42 15 39 47 31 16 37 27
96
9 33 37 49 16 23 5 38 16 29 9 25 10 41 41 45 18 7 42 33 11 15 28 1 46 43 19 9 49 30 30 1 29 27 19 30 30 2 44 6 40 29 49 3 6 8 20 42 1 10 11 25 9 25 2 26 43 30 32 7 20 49 20 13 8 48 10 27 44 14 34 10 41 19 34 10 40 1 48 44 41 27 20 50 14 39 46 1 10 11 28 27 14 3 4 45 16
96
34 24 32 35 16 34 26 31 49 3 29 40 48 4 47 28 46 22 7 44 26 28 25 47 14 16 11 45 21 25 44 24 43 41 47 23 50 45 7 35 19 25 40 22 20 41 12 43 26 48 41 49 5 5 8 11 21 23 46 35 6 17 21 42 11 34 4 15 4 42 11 6 44 25 2 4 30 17 50 16 6 31 3 18 2 19 2 22 49 5 36 2 3 16 39 6 10
96
49 18 16 37 46 20 27 18 12 25 30 28 18 18 4 23 30 20 33 42 44 45 1 16 19 42 29 21 14 14 21 5 12 49 30 9 46 41 16 8 47 12 18 12 7 36 23 25 47 15 46 10 3 33 42 16 46 43 50 3 33 50 25 43 19 26 6 14 8 5 4 34 40 29 37 49 15 22 32 22 1 41 35 19 47 34 7 12 17 49 26 31 30 44 38 25 29
97
25 12 39 45 41 46 31 45 11 6 1 44 23 34 8 8 16 43 34 45 32 50 5 4 40 14 41 35 39 8 26 21 31 42 44 46 45 15 44 29 16 12 34 2 29 43 5 28 15 21 47 46 8 11 17 8 11 23 31 32 50 40 21 9 8 39 43 20 40 12 49 4 26 20 39 2 44 33 30 22 45 28 44 3 21 48 42 45 10 45 3 42 39 42 35 35 46 14
97
42 19 36 47 46 36 13 5 39 29 11 31 43 41 27 36 40 7 40 47 37 49 15 38 26 35 43 43 12 6 44 50 28 32 33 5 43 38 35 44 26 32 11 41 31 2 7 23 48 13 6 48 4 45 20 39 19 4 29 32 38 40 20 36 27 50 26 50 39 5 11 6 35 44 3 28 22 32 46 7 34 1 30 48 7 34 4 33 36 38 38 14 21 1 37 28 24 46
97
29 11 5 13 26 29 13 37 12 19 42 43 28 49 7 10 15 42 48 15 10 48 50 37 14 37 40 32 41 31 19 5 14 25 43 1 32 5 33 33 44 14 42 5 9 15 20 12 30 20 25 50 32 8 43 41 27 15 2 31 5 17 34 30 48 7 26 21 26 11 10 25 4 3 23 14 11 26 21 33 27 28 24 33 32 5 47 2 9 47 47 23 15 11 3 29 45 23
97
6 3 45 6 42 23 16 26 18 20 44 11 40 7 26 30 34 25 11 40 40 44 50 4 10 29 33 20 1 37 16 5 5 2 35 24 50 40 15 13 34 21 36 37 50 43 39 7 23 8 5 43 36 33 16 25 8 8 28 36 42 9 33 30 15 23 46 24 37 45 10 25 21 19 23 27 24 6 13 5 48 42 7 27 26 29 35 23 34 9 48 10 24 21 45 21 37 28
97
3 12 2 20 40 40 37 7 26 14 42 33 12 22 44 43 8 50 11 39 13 36 42 49 7 32 35 44 31 31 25 8 3 14 33 8 19 25 8 21 50 3 20 14 41 5 29 31 10 46 44 10 17 5 4 48 26 11 1 5 12 25 6 26 32 8 50 49 5 41 1 3 37 16 21 14 19 37 25 39 31 29 1 41 47 8 37 8 35 48 2 27 19 42 39 44 13 9
98
41 5 32 33 23 5 7 32 18 22 31 36 1 17 2 12 18 21 33 41 12 1 1 24 15 6 35 46 29 43 49 31 12 2 38 3 26 2 24 41 25 46 22 40 4 34 6 3 11 37 39 2 31 8 1 14 37 41 12 5 50 28 48 44 36 29 8 25 37 14 36 22 42 30 38 12 25 15 1 35 50 21 41 31 46 32 14 31 8 23 13 42 25 18 45 30 12 44 15
98
20 9 32 4 7 23 6 39 18 13 45 18 6 7 17 34 40 38 2 12 20 37 8 7 46 3 2 15 2 21 33 49 6 45 2 26 36 13 6 19 35 28 6 18 37 36 33 13 25 17 50 47 25 45 14 4 27 6 46 28 42 5 13 11 11 36 28 29 1 17 13 7 29 30 46 20 36 16 24 27 47 16 47 34 22 13 22 7 17 35 39 41 33 35 33 37 17 14 7
98
20 31 36 44 14 35 6 4 40 48 37 42 11 5 24 29 19 29 5 20 17 32 50 18 10 13 49 10 16 38 49 45 19 46 12 40 25 17 21 38 38 33 41 33 34 23 49 13 19 33 10 42 34 8 50 14 13 27 50 29 22 9 38 44 24 47 29 11 35 49 4 40 38 19 5 17 17 28 9 14 4 2 3 31 32 35 39 13 25 8 36 7 26 42 26 35 27 9 37
98
11 48 44 6 9 19 19 11 11 39 43 2 25 37 26 30 35 44 16 14 42 30 7 8 30 35 1 33 26 34 27 28 41 35 6 29 50 47 24 42 5 49 3 41 47 40 29 47 22 22 43 45 50 31 13 1 49 20 43 6 20 12 41 47 11 46 37 4 29 10 40 7 50 23 45 13 4 4 47 50 7 5 48 43 40 48 39 16 23 5 33 8 37 22 23 28 22 39 40
98
42 44 24 49 24 42 14 42 11 33 28 29 44 35 36 22 18 49 21 49 9 37 18 17 38 45 6 5 45 46 46 45 42 24 9 38 25 46 13 42 4 35 28 25 30 30 42 23 42 18 28 42 24 41 40 31 34 35 15 44 17 25 16 39 35 33 43 10 4 11 37 15 29 11 9 20 24 18 49 40 29 11 30 42 36 5 11 7 19 2 31 8 42 35 14 43 37 30 24
99
31 29 23 49 21 46 47 23 10 33 6 40 7 33 6 32 18 34 2 30 35 48 45 32 4 47 3 1 29 28 31 8 11 20 31 6 33 12 14 16 48 17 50 36 6 25 34 46 40 19 2 45 34 27 32 8 42 17 42 9 22 11 30 42 21 32 29 48 28 45 20 48 19 17 2 46 21 14 10 6 25 10 36 48 42 1 40 36 44 24 24 17 21 40 27 40 18 30 19 1
99
20 32 37 34 22 38 4 34 7 40 30 50 24 32 26 8 10 39 27 35 22 41 24 15 47 14 15 6 2 37 22 49 43 30 13 49 19 3 7 17 21 19 12 17 29 22 3 47 38 32 8 26 38 48 25 19 11 5 33 20 16 24 24 24 23 15 15 3 26 27 13 18 40 26 3 21 47 38 30 30 43 22 46 12 39 4 47 11 37 11 31 15 37 33 35 30 32 24 8 47
99
50 16 22 9 42 20 24 3 23 36 31 17 8 44 12 46 21 45 33 50 38 50 19 14 49 49 29 31 34 5 11 50 26 3 1 49 30 16 23 8 19 27 4 44 5 19 13 21 17 37 23 20 40 7 33 35 28 2 15 22 41 5 4 33 39 45 29 15 49 44 33 49 45 14 23 32 44 12 42 1 32 27 18 1 46 8 41 19 50 28 11 47 17 20 34 24 10 5 14 20
99
2 29 32 18 41 43 7 31 34 1 25 41 9 25 10 25 47 44 12 3 4 43 42 36 25 31 31 41 8 45 17 43 36 30 33 44 27 11 11 7 34 16 42 11 36 36 45 27 19 8 32 19 28 12 19 17 44 14 32 7 35 8 48 8 30 21 5 3 22 8 16 20 40 48 36 17 17 33 41 32 17 33 2 43 15 49 26 40 15 17 7 39 5 40 16 30 1 15 26 30
99
48 49 36 47 41 50 15 27 9 32 50 28 29 1 20 36 20 28 10 9 31 7 40 49 33 21 43 47 1 44 26 35 43 30 18 20 11 8 27 28 17 42 6 28 35 39 24 48 32 11 50 18 48 39 2 17 40 28 12 41 37 4 50 35 16 28 5 2 42 20 2 47 37 32 46 40 47 20 23 22 27 17 11 3 8 31 33 3 20 10 17 49 21 32 10 33 18 6 7 28
100
28 1 44 19 6 40 16 11 7 20 14 9 23 23 26 5 2 9 22 31 20 36 8 47 7 11 45 3 9 34 42 36 25 17 27 38 28 36 38 14 34 6 30 16 37 7 34 17 16 32 42 32 13 42 16 5 8 5 37 14 49 26 1 21 15 2 31 50 25 19 32 41 22 25 17 24 9 24 4 38 25 18 17 6 34 44 45 8 12 5 37 32 1 23 48 10 46 22 20 22 41
100
16 33 30 35 41 28 30 29 11 37 8 34 48 3 3 13 33 30 21 37 9 19 48 29 24 19 21 15 13 36 39 25 49 1 19 10 37 2 47 19 23 14 43 2 6 32 3 46 6 15 17 45 24 12 30 35 46 29 47 37 41 46 47 31 40 17 22 34 45 6 2 16 7 18 31 15 4 21 23 6 23 39 34 23 27 34 16 30 49 9 12 34 26 18 13 34 29 2 18 2 17
100
28 44 26 39 17 38 24 29 20 12 2 2 32 8 24 5 17 4 8 44 24 37 24 26 31 24 20 36 25 21 5 8 38 13 5 6 24 50 40 29 14 13 6 29 3 48 15 11 5 34 27 33 26 34 44 35 14 50 36 28 23 20 18 25 31 13 50 27 29 23 39 32 30 22 44 6 9 28 8 50 3 3 43 20 25 16 4 39 32 6 32 19 17 32 42 42 24 48 46 28 12
100
4 24 1 42 27 15 17 22 21 27 27 7 25 1 20 29 6 30 13 14 10 13 26 17 22 14 23 35 47 18 14 22 48 41 21 40 41 32 4 44 28 23 21 35 43 24 1 44 6 50 5 33 1 34 42 43 40 34 40 12 20 8 16 8 18 44 45 50 31 47 41 48 16 36 40 35 20 17 45 6 19 3 7 21 49 18 46 41 47 25 13 48 40 13 32 18 7 16 37 45 50
100
27 43 11 9 14 7 31 47 41 49 38 41 33 13 38 16 30 17 25 34 21 32 11 6 14 44 3 36 32 19 30 23 16 8 25 5 23 42 22 32 35 30 18 9 22 8 2 34 20 14 6 25 15 23 37 47 45 6 31 22 15 29 8 28 50 5 35 15 34 1 1 37 32 9 47 25 50 44 46 35 42 16 16 50 41 19 39 49 48 39 33 41 40 34 43 25 32 48 29 11 15
