27
2
3 55 38
2
65 68 77
2
63 15 54
3
6 68 61 30
3
21 61 62 72
3
16 73 8 34
4
24 83 70 45 54
4
43 81 92 46 94
4
52 13 1 56 80
5
64 8 27 41 53 2
5
1 71 35 51 68 46
5
62 43 37 30 10 26
6
39 56 77 10 31 35 40
6
78 77 56 90 74 28 75
6
19 74 29 40 68 52 66
7
47 76 54 10 29 19 90 1
7
83 64 4 11 73 18 75 17
7
74 72 98 48 68 38 33 92
8
25 77 86 66 26 67 51 18 73
8
4 87 26 31 34 61 42 6 36
8
37 9 19 96 45 9 40 63 83
9
39 65 100 65 37 53 75 74 50 49
9
39 53 10 89 95 32 14 5 21 61
9
53 49 8 37 70 25 58 86 39 93
10
12 66 83 50 91 19 49 57 53 85 80
10
48 53 48 13 79 49 91 72 28 10 29
10
21 34 56 93 23 67 14 61 74 3 8
