42
2
91 68 17
2
93 65 99
2
25 10 34
3
4 50 80 51
3
45 38 78 26
3
84 39 4 4
4
94 28 31 27 58
4
38 81 89 69 81
4
92 35 45 2 66
5
78 67 91 98 33 35
5
64 90 96 21 78 92
5
3 51 70 65 27 24
6
96 56 77 37 35 39 82
6
35 66 97 50 92 93 94
6
59 21 93 61 37 25 9
7
95 17 50 36 23 13 71 74
7
55 7 33 67 50 40 93 96
7
59 9 10 43 11 74 70 11
8
35 83 25 93 43 36 86 53 53
8
80 18 95 75 12 91 10 14 83
8
7 48 97 92 69 34 5 31 45
9
29 60 32 57 41 45 65 40 43 40
9
20 63 88 93 40 42 27 78 32 81
9
18 11 71 47 57 93 37 73 33 30
10
93 97 28 60 23 86 76 15 85 77 38
10
100 33 7 32 69 21 35 68 40 43 53
10
17 58 29 23 3 92 48 67 88 80 13
11
51 72 19 35 72 40 82 81 2 90 72 68
11
30 45 67 25 95 58 51 83 84 20 61 24
11
81 12 10 80 19 35 22 83 40 43 74 47
12
80 100 38 11 9 46 89 8 48 82 33 20 23
12
1 55 65 7 91 33 50 65 34 66 59 95 2
12
35 56 49 51 15 81 49 44 55 30 19 75 90
13
37 79 92 71 8 76 32 23 34 79 15 32 86 9
13
97 25 28 47 49 7 49 3 63 65 45 62 99 89
13
20 35 46 58 26 59 24 28 68 82 97 90 84 55
14
67 76 35 40 80 12 17 34 12 38 100 62 10 57 11
14
23 86 49 100 54 52 59 98 15 24 29 77 65 2 49
14
10 2 8 12 26 3 12 7 92 60 82 25 21 92 49
15
3 93 81 100 37 42 86 66 28 57 94 34 49 17 50 84
15
46 62 87 52 78 79 99 86 34 74 92 20 23 5 26 33
15
72 14 43 1 52 2 65 61 90 71 47 4 96 60 66 63
